-27169
306650
-656054
-69645
-263829
-313900
208285
1027214
-1431356
56133
-1598689
637384
125721
372057
-1155331
-311567
-496913
-119021
663366
1284505
-1214408
140890
-2534778
838782
772130
1877270
-1514683
-551481
-929674
-28944
323638
2154094
-1941215
-140447
-3077269
617098
-1740236
593298
589318
-358944
815692
151804
-502322
1641409
-772631
-1875108
502406
1016237
-237325
730474
-1338894
789843
2482170
-135028
991139
-188627
13695
-378139
-2080124
482934
-1125277
1032988
192507
-86982
574749
-319956
577603
1592935
-51296
-350210
-1241869
922912
-50764
-21762
-1147842
-114466
171524
-40995
605219
980713
-697412
-208766
-2064315
602276
336103
1379379
-964259
-161550
-457486
-19839
30858
1451790
-1154836
-471845
-2374437
740093
-1245917
365936
45708
-226579
383590
-98766
13776
1610421
-476488
-742039
-1040343
679300
-263808
566071
-733660
126455
740152
-243965
-12090
772746
-522951
-685057
-1884441
793912
-508824
103450
-638740
44507
401116
-189756
-115314
1015972
-702339
-693027
-1616659
601389
196760
1337228
-964542
80637
283216
-213929
62199
917579
-762868
-483826
-2397583
734131
-223858
105469
-951509
-169966
-96872
-122686
389732
1706566
-1007234
-384294
-2604293
614906
-408422
707711
-589095
40190
126595
47750
-616990
1377290
-1311882
-1554496
-1633538
888356
-196145
1091259
-1319970
336179
1250783
-200472
-119319
408514
-642276
-661879
-2064201
597608
-533050
552688
-521648
51557
331081
-30624
427145
1243632
-532675
-372722
-1879922
706113
-65193
272418
-1241115
-63918
-22930
-145996
-66055
1536389
-1212226
-535347
-2640140
636224
-249851
564041
-748822
62821
-33861
-102424
88078
1421529
-917189
-399752
-2381631
693913
70939
1445125
-1344447
-85950
-87565
-95989
-295545
1292817
-1404075
-764622
-2344105
588613
-988025
604057
-327495
89102
482714
-172254
-172070
1193090
-509097
-675670
-1464193
722349
-1084050
88316
-628915
247110
1145685
-197281
-821486
917662
-1115477
-1725051
-1180660
684839
-1454738
1183965
-611860
597093
2482348
-143445
-1333352
-56431
-824100
-2694070
-295312
824064
-989964
435077
-1137633
958838
3128374
-487145
-236981
-387580
107042
-1191247
-1319105
612147
-831764
521418
-727826
276267
1132846
-277781
363920
729909
-214717
-506352
-1618945
663070
-748581
1475380
-1051013
207836
690695
-165609
-1199241
1014328
-1581968
-1993261
-1514337
727343
-1883853
692285
-168097
650549
2496916
-345405
-336911
152868
-69802
-1372428
-631496
755355
-812854
126841
-1098504
506435
1823126
-404778
-283285
385679
-391441
-1041526
-1719063
673485
-1867778
774539
39798
316631
1362712
-405458
-81156
923675
35711
-720120
-791336
690018
-1819299
-609522
-143205
294792
1462119
-345993
625230
987062
69926
-383307
-1359372
669822
-464232
1427810
-1194708
246813
578911
-17967
-763974
962408
-1177781
-1307289
-1952951
741814
-1324015
1387320
-943770
395858
1761313
-211351
-1922904
358181
-1336270
-2767149
-574302
753595
-2191482
636532
29539
836418
3572231
-700595
1083581
-318460
1014165
-387837
-459153
476444
-800564
259266
-1195439
295021
1091254
-134689
-954686
901331
-898825
-1486373
-1563202
766664
-1457075
-48705
-761315
817614
2030775
-498407
-772573
791829
-230309
-1673372
-1045360
821095
-1231343
26594
-922610
306973
1444150
-411571
-321599
799868
-408679
-1185649
-1280130
811252
-1756794
245117
-184900
545373
1602501
-463964
-425250
893556
-169213
-1134748
-851515
867875
-1269157
-185297
-960823
1171154
1966673
-582370
-764324
-142299
-591851
-1919245
-774854
903563
-2186222
298044
-82147
568301
2649806
-357259
-433777
318040
46909
-1117730
-522236
745180
-2895696
-1397128
316987
1357460
2855228
-509985
-808755
213184
330516
-2308688
622505
931487
-4336067
-19728
876162
1278439
4850033
-511124
-1692899
-249819
616376
-3700248
2336162
1021763
-2229154
-3301
-1183671
2161953
5528636
-1119421
-582086
-1253544
1157992
-2201375
223504
748223
-2055010
3596167
-780081
1362520
4115969
-131457
-2739351
-531900
-1181266
-4543837
836376
1031174
-3798006
-1146731
174478
3339287
6644082
-816893
-1694212
-2292178
1370258
-3911794
1526625
874374
-2478571
2525305
-1029682
1071256
5858163
-382840
-1954980
-846452
475533
-3967892
1059076
915636
-3826170
-1070811
-17036
2590276
6012567
-716201
-1322040
-1519474
468684
-3462588
1916651
559157
-4439483
-275197
801584
2606071
6712220
-725446
-2590192
-1223549
1456204
-4659183
2497830
1153305
-3922783
-102785
112288
2226913
6911845
-594856
-2033193
-1455103
1192797
-4572938
2405055
799200
-5341168
-281854
1341604
2546733
7638230
-512113
-1880144
-1250141
1615056
-4550622
3494493
1130181
-5100119
-1150964
668692
3646651
7782886
-783114
-1904150
-2751003
1857514
-4535033
2662592
779960
-5210779
-359973
897800
2682357
7494019
-410627
-1812227
-1650818
1781041
-4112318
2886726
976807
-5327870
-576251
1295941
2641617
7260220
-644968
-1728491
-2418522
1776968
-4326684
2976425
687578
-5782316
71405
1449236
2449716
7477272
-585561
-2402177
-1784363
1912457
-5079764
3563530
1162520
-6373712
-2055073
1737607
3558347
8329792
-557389
-1399484
-2741637
2065073
-4343531
3987097
587469
-5750808
-797337
914891
3700304
8018305
-528298
-3884345
-2458513
1210221
-6558674
3803414
1139854
-7715045
57417
2357028
3488909
10275563
-634020
-3220656
-3097997
3332496
-6841105
5204788
855207
-8099960
752342
2734876
3566370
10817940
-869168
-2943066
-2670432
3254691
-6465958
6243251
887805
-7506752
-1333027
1589266
4878499
11053001
-484795
-3354390
-3733252
2238379
-7854224
5088147
770468
-10517073
513494
3946317
4495698
13086703
-874856
-5667046
-3191046
3269629
-10419943
8166754
1364054
-10528160
-2818800
3433610
6602173
15918683
-833687
-1857884
-4726233
5395681
-6611237
7224114
465636
-9307700
-1756327
2621470
5242163
12639553
-835359
-5044230
-3505736
3845129
-8585587
6762843
1276147
-9699033
773997
2943339
4655315
14004786
-700298
-4190678
-3387424
4591162
-8530804
6833253
821318
-10373521
1209361
3848555
4621360
13631192
-1405538
-5520475
-2949298
4213483
-9598675
8535237
949208
-11152862
-2845699
3578567
6314824
15729312
-1558442
-5706370
-4295691
4810146
-10460325
9499123
888272
-13255219
-4459221
4315926
7243354
16258131
-1968631
-14745093
-3965734
5798410
-14006995
10441030
1097346
-4810437
-662127
-305616
4399549
17741261
-3397334
4333807
-4790240
4580259
434700
1924604
-133726
