2520
6212
-213
-6841
1186
16586
10520
6581
12354
-871
5884
4911
7631
6093
7953
3047
7349
9859
6653
6278
4606
8692
9671
10529
8421
6254
8718
7361
8285
1748
8119
10351
11165
6217
9804
9397
7215
6432
10165
9734
9722
10661
5482
8945
8891
6066
10233
8348
7074
7532
10818
11145
10649
1770
7301
9957
10152
6878
11041
6338
6510
5342
7626
5622
8585
9349
7258
9307
8345
6600
8729
10225
6292
6413
9263
8821
8980
1005
5921
9708
6612
4734
7916
6982
5113
5003
7027
4189
6805
8970
6509
9545
7316
5471
8340
9562
6050
6914
10389
10008
9545
4527
6628
10063
8468
6578
9595
7545
7765
5545
7056
4496
7260
8961
7039
9856
8548
7671
9653
9987
6017
6666
8554
7972
8122
3209
6735
9033
7686
4318
7689
6399
6720
5704
6000
3523
6763
7725
6779
9125
6679
6386
9274
8503
8853
8129
10748
11183
10055
3913
8256
11885
9538
8236
10197
7688
8235
5838
6586
4748
8306
8361
7950
9980
8368
8763
10739
10368
7544
7882
10592
10835
9833
4090
8022
10119
7757
6924
8271
6505
8919
6426
7681
4839
8410
6828
7644
9740
6491
6625
9072
9799
10012
8843
11044
10613
10846
5907
8836
11055
10802
9889
10431
8717
9978
6211
7442
3875
9856
8280
8854
10037
9016
9978
10831
11459
8422
8260
10912
9394
9120
5354
8350
9137
9923
8550
9307
6862
8257
5955
7053
3850
8445
9107
8661
9611
8344
7766
9841
10272
9347
9396
12908
11777
10883
5370
8911
10664
10259
9587
10226
7817
10496
6664
9683
7029
10508
9150
9122
10294
7122
10428
10019
10669
8999
8359
12080
10512
10344
5944
9238
10080
8339
10651
10098
8302
8364
5592
7655
5720
8979
8990
8962
9482
7947
8423
9533
9553
10672
9174
12993
12444
10891
6980
10037
11287
10248
10614
10786
9048
11115
6719
10098
7419
11279
9664
9807
10565
7926
11416
10139
10711
9989
8628
12855
11349
11329
5506
9569
10303
9561
10998
10684
9069
9495
5990
8194
4597
10090
10682
9759
10038
7863
10256
10142
10521
12543
10337
13676
12146
12809
3494
10283
11220
9600
11858
11084
8420
10969
6353
10708
7200
11255
11024
10777
11253
8510
11603
11513
11437
12016
9335
13819
11131
12049
5006
10920
10284
10583
12008
10760
8230
10307
6638
9695
4975
12233
9792
10448
11074
8765
10214
9521
10927
11806
9460
14867
11537
13265
6142
13494
5179
11913
16847
12062
12835
8826
8029
7424
14769
12153
6945
9558
11992
10964
5511
5632
4735
8791
6930
15422
747
5270
6825
7952
4651
3323
9727
10266
8791
9191
6834
10390
8044
9777
9232
7372
7029
7248
6965
8898
9959
7231
10559
7142
21381
8451
8493
9353
12897
8810
6663
6227
5034
11370
5897
11820
-242
9927
7247
9035
4923
4894
10317
10460
12483
7196
10701
7658
22793
8905
6246
8244
11923
9101
7295
6435
3044
7853
7325
8408
7536
7928
8454
7880
6275
7999
6855
7620
8836
8885
8680
11479
11332
7971
9326
10010
7017
9043
9614
7369
6681
8260
7502
9040
8196
9580
8990
9154
6819
7878
8359
7651
9011
6220
10414
6893
17962
7627
6231
9844
11387
8776
8253
4561
4525
8412
3866
13341
-757
7756
6535
8126
4763
9901
5479
7216
6145
8123
11540
9638
13455
6625
7430
8747
6631
1652
12432
7841
11921
6172
7537
7317
11831
8736
8610
8601
8228
13038
4135
5055
4225
7143
6743
13137
4713
5005
5221
9798
3939
5415
10750
7173
7752
8538
8171
10175
9589
8179
6767
8264
5708
8210
9010
8289
8799
7112
10163
7324
15719
6809
6238
8931
9184
8486
8522
5035
3726
7512
7835
8044
8462
6818
6175
8890
5872
8010
8073
7023
6984
7044
8366
9600
9769
6489
6008
9066
9132
7278
9933
5983
5252
7474
6197
10220
6660
6541
6308
8118
6849
10444
4627
5508
4039
6199
10222
7566
10067
4667
5143
8485
5923
2973
11102
5722
9162
6931
9773
5714
12801
6254
6827
9745
7773
9433
7559
5159
7096
6698
6515
9415
7014
5323
3528
8243
6741
10817
5312
4179
3520
6935
5884
10217
4621
4586
5774
9034
4358
5970
8311
6433
7193
5734
10214
6039
11668
5156
3921
8044
6296
6017
6627
3656
4228
6048
5973
8073
5577
4427
6894
8185
4396
9182
4238
3470
4257
4938
9670
6215
8166
3900
2825
8534
4125
3045
9081
3653
8066
5920
9867
5643
10224
5132
6172
9811
5737
8749
7002
4048
5757
5454
5943
7475
5968
4646
2322
8214
3706
8623
4446
2959
3534
5381
5513
7618
3801
3482
6700
10000
2783
4653
8904
4486
5709
4571
9948
5111
8516
4533
5358
9640
4348
5494
6737
4566
3587
4883
11216
4531
8262
3174
8127
15156
3590
6609
8352
2555
7159
5492
9635
9964
2406
6387
7928
-1680
3971
-568
2892
9265
7669
