-2242
793
839
-3875
4352
880
92
-1976
59
1066
-645
-1387
682
825
1633
-6699
5614
-1847
256
-4278
-1062
2114
5172
-6206
-2583
-5355
6702
-18178
-16244
7487
-1517
18044
-6894
577
1679
4563
-6487
-1894
-2838
2392
3735
2502
362
28
-1562
1346
-396
2831
-2911
-4264
-8577
8387
2326
-974
803
-100
-4854
555
1968
692
11913
14337
-15208
-403
-5322
7792
-6131
-4394
-16363
-4369
-14856
-2065
-2023
706
2145
847
2886
-5923
-1778
902
2350
-4406
1253
-3245
-457
503
3231
1268
970
-8645
-4436
736
7220
-14983
4644
-21603
1730
-4957
124
-3587
-4460
-6995
15138
4403
10279
13465
-12577
-5424
