220053
5401166
-562409
-2505475
-3747455
-10247244
-10496226
-16075655
-19925206
-23355705
-26406466
-28572704
-30035927
-31078394
-32192425
-32574438
-39518780
-14099999
-16193686
-16402025
-18836407
-21929905
-21777825
-26897857
-31304058
-33861554
-37591182
-40052976
-41313626
-42430813
-43241315
-43445313
-43388853
-27397670
5174953
-10588769
-12107365
-10993622
-12682940
-18529869
-25493273
-30480826
-34177210
-38505708
-40655060
-43001798
-45080258
-45924507
-47077645
-47491661
-33467704
-12815768
-7165213
-10052948
-16123652
-19775225
-23115220
-24702200
-28316297
-32667305
-34766329
-38965440
-41145389
-43337425
-44528315
-45522388
-45052983
-30548165
