541267
998218
2063684
1024377
1184707
651757
623622
1035679
541338
562120
466569
861402
986007
866837
821677
568976
1044338
805863
1119082
520816
841703
1662255
1363643
553021
1283838
1098965
834735
690911
783591
1036979
1751445
1752554
890541
1080040
741496
797522
1128665
1169528
2232123
5443074
4098428
5417713
7957741
5695161
6311092
8932988
8225976
10919669
11537564
10092401
10375123
11941612
14231423
15432645
22962897
24804913
25846863
43615085
46037128
36408331
39091721
44174118
56394050
88060917
34645428
