541267
1184707
541338
986007
1044338
841703
1283838
783591
890541
1128665
4098428
6311092
11537564
14231423
25846863
39091721
34645428
998218
651757
562120
866837
805863
1662255
1098965
1036979
1080040
1169528
5417713
8932988
10092401
15432645
43615085
44174118
0
2063684
623622
466569
821677
1119082
1363643
834735
1751445
741496
2232123
7957741
8225976
10375123
22962897
46037128
56394050
0
1024377
1035679
861402
568976
520816
553021
690911
1752554
797522
5443074
5695161
10919669
11941612
24804913
36408331
88060917
0
