-5693
-48
3107
3598
1872
2370
1859
2340
-4810
3286
4001
-1017
1313
1105
-3149
-5071
422
-2201
1295
-469
-4632
3654
-1687
5312
1384
-4263
-1658
1514
-4877
-352
3783
-5457
1702
110
-121
2264
2168
-713
2111
2393
-3504
695
990
-276
16766
-604
-1070
-929
-433
1708
800
187
-1194
1330
-302
948
-1367
182
2910
370
-244
508
-1168
-2593
691
-2060
-1257
-2065
1429
1250
-2635
1110
-1117
719
68
-3359
-4224
-293
1444
-383
-2499
-252
-891
99
2225
1837
1890
629
-3528
-2704
4171
-1380
-172
1254
1617
-217
-104
2455
1974
1091
3382
1836
-516
2751
-1262
-466
-672
7822
4451
-2128
-1153
253
4101
-889
5459
-4045
4059
2531
-4245
1973
-5093
1569
2517
5382
5076
4425
5128
5809
-4996
2251
4189
242
1583
3203
-916
-4089
-1469
-663
3965
-5168
-1051
4934
-5185
2896
1077
858
152
-4259
-4115
-184
-10002
1032
1681
-2056
-2104
-219
122
-3243
-2961
2255
4998
1437
-3141
5696
630
-4058
6017
-2871
1772
4793
-1134
-1213
5151
-2699
-29
-3365
15
4236
490
151
-3816
-2261
-7468
-159
4215
-4596
660
-1175
6387
1261
-880
-214
-2772
-2538
3397
3545
8489
1453
2032
-666
-2147
2783
3227
3731
4846
-750
-2636
-1734
-32
-1853
-1633
-4157
-11
2807
-1393
-310
-2946
-785
-557
3979
-3657
-597
1491
1821
1334
-4981
1
-63
2077
-2833
8186
-1945
3101
2356
-5040
2537
3149
3728
-6961
844
673
237
-528
185
-10788
-1254
-1537
141
-33
-3781
-561
2291
1169
5900
6088
1701
228
3930
4620
483
-3235
-4448
1218
-783
817
-3520
1602
-399
275
2974
-242
-3792
593
7919
-513
-8720
1226
1739
4350
1519
-8241
-7741
-8103
839
-6450
1243
-2648
-519
3274
4857
-1391
4121
6142
-3012
-3108
4671
2855
-2118
-3551
2752
-5092
-4824
-1020
2313
2988
2645
-1657
-4740
2832
-2335
-882
263
-407
-2659
1380
-502
6145
1415
-2071
-3551
-2937
-156
2613
-164
5827
-120
-3300
1026
2230
1466
-4796
9079
-1257
2947
834
919
1323
6575
576
-247
7882
-362
-569
11002
-198
-2258
808
2132
1311
-3001
-6933
67
6358
5061
2755
-176
4425
-686
-780
-1596
-647
5698
1688
1109
3672
827
-965
9873
645
-1937
1070
-9642
-529
-1667
-2598
532
7341
968
-8124
3883
-8175
-3994
-44
-776
-2557
-1442
2720
7219
7527
3806
5618
-2429
-3175
4014
5152
-387
4794
5050
682
-3660
-4448
-832
2731
-6579
981
2683
-6944
3914
-6049
-1100
2599
4743
1816
4020
3542
1244
-3146
1669
4669
-741
2080
1184
-2035
-3934
-2576
2200
6008
-5095
-4628
1865
-4949
4663
592
822
-896
1009
-2399
-1693
2277
-325
-1301
631
1307
-1493
-602
2442
-13
1771
616
-1438
4595
-2616
-1719
-2691
-1455
-2063
-1114
124
-629
-3814
2184
1003
741
2406
1070
-721
1098
-3593
-1104
1074
-4218
-586
954
-139
3765
-3109
3468
-3931
-1423
-1517
869
-4143
455
-1542
-324
1274
-310
780
-1296
1201
437
-2360
-913
-3825
-7653
-1421
-2656
1134
-333
8703
3344
191
5539
102
2676
2988
-1622
520
1386
-2116
-3973
1646
789
-521
-1534
-1060
-1459
-35
-2202
-584
1202
4594
-597
5395
-6424
3328
3240
253
1332
148
-459
1027
3417
-282
-4289
-795
129
1447
-756
-652
28
-2550
1316
-700
-1642
-3416
-1569
8865
-15924
877
4411
1056
1327
-8912
-748
603
-8241
-590
-3835
4166
979
-2172
-1572
2496
-2563
649
2481
747
539
-1683
-5815
1785
-2497
1685
315
-2003
