-2938
-3684
-1342
227
161
-1635
-2166
134
-3349
-231
-11
1703
-1192
1276
1946
-342
2331
-1349
-3675
-428
-1322
-862
1258
-795
-533
-1606
483
-1697
-937
-5087
-2433
4155
970
1528
-1350
-2560
-698
-3195
-114
-65
1744
-5857
-2176
-2294
1560
-1257
-3546
-460
-1448
-1276
5133
3296
2366
-4252
-2304
3986
3345
3120
3008
3737
-2751
1628
2908
-1913
46
2878
5761
3339
-823
-621
106
1547
-962
-1441
326
418
-501
1005
-1894
-4741
-77
536
-945
998
-749
-1208
-2403
-478
4173
-1503
-1196
123
3562
-1363
2627
-715
244
1342
507
-2534
-2014
-1834
-492
1718
63
734
-520
185
1197
990
-1812
3519
3046
-8568
-2791
-2530
526
-3817
531
-2092
2096
-2665
-2537
-2726
-1469
2495
-3954
-2795
-3177
-295
-4440
-221
2772
4028
254
-895
-339
-55
-1178
-497
-1144
-659
1252
700
4202
2532
-2396
-2142
-2683
3895
-4982
-1640
-2902
1852
-875
3220
-3580
6131
3888
2326
1418
-3182
-372
2836
950
-1427
-2278
-940
-3795
931
644
-459
-2378
583
-69
-780
350
-551
1890
-192
-2834
-1271
-2684
-795
-2753
5132
5642
-2470
197
-5818
-3094
-974
-391
1216
-1599
1580
-272
-1434
931
-3005
1235
-2839
424
1149
-7
524
-583
1413
-665
-1496
-2075
3336
453
-3087
307
-443
-2735
-4761
-357
1579
1705
1663
1687
-1125
2424
609
-1311
-2048
-622
-260
-561
1325
-194
-741
-334
-1331
-422
648
-1922
742
-183
1331
-994
99
6487
-801
666
3790
990
-1573
4001
358
-1037
1598
241
-1318
547
-2289
-3695
1894
948
-351
-976
-3650
-638
-1918
-486
360
-668
2623
1537
-2537
1863
2437
1587
1666
-11396
373
2372
-2535
-5937
-9387
-6486
2396
2157
-6707
-1880
-1870
