200
1890
-295
1546
-936
1958
1937
-1019
1619
4
1722
3185
-8439
3600
-668
-316
-4700
-3826
-1521
3490
-954
-6564
-752
-1022
2073
291
1844
551
1383
28
1156
2696
-1448
-93
1617
824
-2363
1309
1768
1141
-770
-809
1681
2980
-1231
358
-5033
-1960
3562
-597
1580
126
2965
-6833
-10221
-1662
-2284
1160
-1865
-2184
2172
-2292
-2453
1371
1196
560
1427
-2944
-490
576
-600
-1372
1283
2323
79
-632
3141
600
-605
311
359
-764
359
-264
-766
639
845
-888
3443
471
1808
-6218
-1089
844
-997
-3515
-2633
-2166
1420
-31
-569
1005
3425
294
1616
-3610
-3475
376
48
4069
5718
603
346
1180
1921
3262
4122
6111
3881
3318
3100
-2355
298
8369
8516
9868
-1725
1044
3540
994
-33
5091
1228
-241
3750
-2861
415
1858
4067
1638
721
1544
1585
-327
4916
2893
504
-361
-140
-4563
-2217
3041
-1742
-472
1540
225
4802
-3142
-1337
1688
-1989
-1233
-6261
-792
79
841
-881
1180
365
-1604
-763
-454
-39
-306
-2216
-1436
-501
-148
-422
-3519
19
3371
277
-6057
-5146
-134
149
-3480
-3303
-1289
-1199
-2388
-2812
423
-1745
3544
1268
2266
3345
1560
4351
-1613
5569
-2467
5001
4216
7447
5264
736
5951
4703
378
5603
6691
1348
9135
1804
86
273
680
-3947
-2387
626
-3640
-5780
1917
1595
-729
-718
257
-107
-814
-1637
111
2424
-3791
172
3088
-2089
-1957
4540
-1089
839
-2575
-5945
-445
-2753
-3365
-3098
1832
604
1201
-2808
-4037
808
2041
2144
-257
2994
114
2879
525
-2598
1341
-1851
-1471
2140
2697
-3170
1508
952
3981
2699
14
-966
834
651
-2288
-1436
775
2249
1213
4321
-891
-500
-2392
-664
1802
