7038
-1026
-7738
-6706
-2093
-7468
-4932
-2324
6944
-5005
-7343
416
-3811
-4809
4034
5983
699
710
-3972
1514
3870
-1665
8648
-4981
632
-5915
329
-2272
2061
953
-1716
4232
2440
-213
-2736
2093
-2358
-221
-438
1484
5166
-1351
2522
3318
-10237
-39
4762
-790
-1056
-1761
3792
1813
-142
2836
2676
488
-1602
2866
4009
531
30
2495
-1261
-3318
-947
-2999
-603
-3129
-242
1224
-2663
2492
-1647
2724
2727
-2481
-796
-678
869
3635
-1519
868
342
2107
3064
2413
-3355
-19
-2567
-618
4904
437
1214
369
1421
3214
696
3034
1975
-392
-4802
285
154
4400
-1600
618
706
6355
2530
-61
-2758
-1741
3998
-3344
780
-941
4571
5386
-4453
1792
-1386
1028
1568
6154
-4050
1753
-1472
-311
-2718
4555
3199
119
553
462
619
-170
-2164
-1502
1612
-2005
-2231
4610
-751
2955
-1093
1400
-106
-2074
5589
-847
1466
1479
-2373
-512
-1072
-7954
540
-128
-1197
-714
-3438
399
1018
-2549
-1140
1318
-6117
-530
235
5871
1039
-171
1735
1239
2519
-1582
-1958
3241
127
535
-4441
-1027
-6638
-1948
3137
-957
2636
-159
3479
2157
-2599
504
1876
809
-1803
-1799
-12721
-991
-909
4112
-778
-1194
-1381
-1337
-4133
3863
353
-395
2660
2126
1456
5982
-4293
-3236
2435
-1656
-2060
1725
3243
-866
-2217
2199
-974
10291
-2699
1991
3557
-767
11745
1047
2451
-118
2101
-693
-3360
9997
-4886
-220
-1305
-174
-588
1944
2779
-109
-9923
2987
3111
-317
-1688
3518
-1865
-4506
3225
5626
-353
-2872
-4078
-1056
3178
-737
-6223
-2295
-3302
-867
2401
-4496
-2588
2014
1242
-2894
280
-4554
58
-3783
-34
-5804
1767
5984
2719
1138
1056
643
1382
-1023
7615
2124
3591
-1346
-1046
2381
2512
4288
6750
1284
1033
1445
-1165
1090
1596
2488
3
-1154
-3321
-2998
3639
-432
1294
-1038
-2186
87
-2994
4270
1729
583
769
-464
1100
-1891
3610
1990
1293
2591
-1719
-2299
-491
-5126
4130
-1378
-1274
-3128
5914
-2943
-612
-3933
-2214
-1788
845
12
2806
1408
5394
741
-453
9033
-1837
-1320
341
-968
4590
-2634
-2788
-487
8061
3549
-3173
2673
-3989
1299
-107
-2810
3331
-4927
-1279
-657
-5108
-453
-2927
-9993
2383
-1733
-1868
9983
-826
573
4635
2064
-6106
717
5870
-2451
10319
281
2853
-2973
-858
358
266
4134
-796
-274
4774
-910
-799
-1111
160
-237
-5258
-2813
-1388
-636
-5483
-251
2497
-3988
3472
-4247
-4708
-1687
-604
2464
-1110
-935
704
-5
3732
-2472
2209
-1711
-250
-3391
-4986
-1384
-5879
-1020
-6398
-2628
6342
-1627
1711
-1279
853
3114
2809
1791
-799
-2025
1503
-1624
-859
-525
2429
-851
-2196
16
-2589
-2965
-240
-732
-2311
1672
-2875
3978
-1816
2307
290
-467
-1410
-1538
1690
-1942
-20
17
2423
-2523
-2496
816
2823
-3393
1601
731
-2222
-1275
-3273
287
2237
-6300
5709
-3968
-1989
98
3739
8647
-1781
-1812
4005
-1598
209
3204
1687
-876
-3725
9545
-494
1206
3166
2510
5127
-18
1533
-6063
-342
-1092
-5
-435
1716
-3779
-1130
-1563
-3919
292
4565
1547
763
-455
316
-1996
538
-473
1141
158
-194
-1866
-3276
-4202
3082
-4949
433
-1175
-133
-2729
-2252
-3742
-1963
-1575
-4396
-833
-920
-1762
-81
-4350
11
-1592
-376
-480
5069
242
-4953
4431
130
-559
180
-1085
345
2577
1085
1431
-3925
-1404
-1443
3907
2456
470
1863
1161
3161
-1027
4803
2021
-1452
-1755
-3577
5083
-2457
324
-2514
-2926
