1011
-2423
-700
-1218
-1464
-3995
-653
1960
-1380
1050
-968
343
220
6844
1617
-1402
3045
-1273
954
-410
528
3949
-1475
-2006
3276
4583
5205
2323
4883
9
3711
3375
2657
1716
5509
2892
684
718
1011
639
44
-1424
-1110
5457
-185
-765
-2638
-2074
1125
-1785
2217
-789
2971
-4946
-8058
-2313
-81
1146
162
-111
-975
649
742
-1474
1546
-501
2370
-2002
888
1293
1578
-809
-393
2428
-384
-1977
-529
-1779
44
3341
-344
1249
2644
-241
4970
1792
2579
-1555
212
608
3268
-3878
-878
3035
-349
-1177
1057
-106
-1395
249
-2002
473
1348
-1887
-1386
-557
19
842
2470
84
-306
-1207
-1108
5725
682
-456
1150
3684
881
-330
133
523
4616
-1684
-830
3962
-2249
1512
-40
2125
-1322
2432
1433
1127
-58
-1155
-1007
2385
-2154
5958
1742
340
32
1647
-1332
307
-2460
2992
1136
-2771
-4165
2516
782
-1426
634
1895
-410
-1577
275
4111
511
3146
5060
1644
1420
1831
-507
1040
-5333
-1594
-568
890
-1848
2416
1518
2370
1744
-2933
563
212
-2997
278
-2558
-237
663
-1629
-52
252
-2028
540
-352
931
467
342
641
286
898
-484
-1225
-4229
369
-252
-858
3361
2147
-2777
546
2555
4376
-2913
-3965
1710
-1135
-1994
-1206
-2018
358
-154
-27
-1765
-284
2470
-2383
3635
87
2642
1887
-1881
-934
298
853
2030
890
-255
-388
-6594
633
-2032
-716
844
-482
-2741
-2011
42
4200
-1316
-2037
4231
221
-1871
747
-1116
2234
-2457
515
2221
-482
3815
3292
112
1353
-496
-802
435
1099
-1147
1150
2621
-417
913
-64
-5619
-258
-1689
-3105
2541
1544
410
534
-390
948
-132
-2302
-577
2237
-678
270
-576
