-265755
531793
-924494
-835432
-752055
-482907
679173
864475
-698329
-529972
-959086
-875504
-243411
206238
-894400
-919705
-968545
-487184
966262
997141
-674964
-312888
-1045913
-882018
236247
1080096
-1064727
-1012075
-1297587
-280002
730185
1074572
-927425
-406857
-1232549
-881836
-2594994
-2035406
-58648
-844407
-250948
-257759
-1263288
1053507
-658624
-1877779
427140
-667028
-720379
505826
-953241
-159034
1013847
-1235226
1116299
-72155
-20850
-528894
-672487
-951559
-1926714
-2407110
-265023
-801172
-311029
-765187
787882
993144
-211776
-549643
-248982
-808184
-508259
120640
-852541
-739550
-464775
-646727
862573
754899
-520716
-460203
-864500
-884312
-216971
733796
-934245
-894893
-906542
-351541
406521
937412
-827957
-679705
-942830
-857174
-1934444
-2088597
-280554
-789981
-277185
-666682
389239
962997
-317952
-809635
-165677
-788550
-932001
-57406
-744513
-602675
-30161
-701683
431918
581631
-447304
-807746
-561867
-857676
-1048570
-330425
-672780
-686519
-211451
-622427
343789
714767
-496003
-837563
-515626
-838518
-363707
691693
-936983
-695704
-383915
-578966
550417
663494
-620707
-670260
-855772
-879758
-716833
-311013
-742896
-827608
-636552
-572994
762373
903550
-551607
-500364
-776996
-859820
-1019358
312999
-686334
-788148
-458195
-268575
-621843
827086
-847999
-1416021
-367688
-778982
-620292
689524
-915613
-461748
250861
-789701
471747
341709
-426982
-821696
-668999
-889651
-1105750
-800796
-622465
-724453
-297386
-705012
734907
791055
-392172
-575168
-576102
-851820
-527946
275266
-840940
-788562
-577890
-514163
519544
817069
-646171
-662147
-802182
-860351
-754530
-204717
-741034
-807857
-577576
-546171
584675
871892
-580564
-623462
-721180
-851114
-375456
809175
-913740
-792742
-617120
-394993
171710
794570
-789259
-876372
-802320
-849035
-1470177
-1110913
-496413
-706213
-169545
-665820
355777
788854
-395165
-841721
-339639
-817498
-1473906
-113593
-579019
-564934
191765
-517708
-624357
544847
-587473
-1523659
-112300
-782469
-1802127
510089
-587774
-240940
1073321
-604592
-1469514
69739
-539282
-2203739
276903
-759542
-1322887
325518
-785820
-31270
1469089
-1193273
271368
-228048
-26508
-1146549
-214348
-894350
-1243914
-649052
-640840
-510887
261184
-889512
681604
487837
-235027
-697139
-450961
-866238
-1054905
756681
-735670
-634809
-67641
-314893
-943851
592397
-833869
-1682430
-250662
-777674
-2036375
-1100110
-425802
-283589
1002033
-992676
-33740
209472
-90014
-1278477
90250
-817897
-1173531
37258
-730104
-378106
579394
-872597
244031
268189
-295106
-1024873
-362931
-861610
-2129459
-2065553
-282797
-545154
369785
-913267
438391
623250
-96348
-880510
-27606
-809060
-1897942
-1965825
-362252
-541307
324985
-993861
835237
607458
-39444
-617137
-204031
-840592
-808113
656194
-807145
-643933
-150766
-453929
-285663
603626
-713624
-1245995
-487584
-821928
-1566737
689068
-625139
-419314
582337
-401149
-1546385
305930
-736953
-2174121
143668
-746794
-2379834
-2210898
-316975
-77585
1573300
-1507896
1044766
-19956
443327
-681961
83909
-880236
-1142155
182274
-701897
-552566
146558
-589749
-235780
505568
-553656
-1264232
-328533
-819142
-1847722
-407383
-486521
-408252
661239
-664652
-755229
347849
-427678
-1684433
115739
-775746
-1493884
-180791
-657430
-224495
1029579
-1014218
129507
70678
-146488
-1171549
-162090
-857858
-2072549
-1329736
-366401
-426765
656689
-852352
-122249
421862
-197724
-1282207
86388
-795892
-1821167
-102637
-536311
-304200
914129
-718839
-865556
187155
-400004
-1793588
152197
-782764
-2205661
-1313668
-393660
-160137
1342084
-1161627
119272
50288
77334
-1235329
165934
-831561
-3569670
-2846704
133864
-239215
1454262
-935438
-1135113
265950
19572
-2071312
981384
-695327
-4728184
-2817758
356284
322614
3109512
-1172420
-2575156
-494759
264234
-3261324
1907661
-629672
-2555609
-25345
-578192
748986
3671808
-1836722
-393730
-1275970
601379
-1926882
650370
-889216
-2378051
1935389
-581105
181566
2267262
-435043
-3678903
-574242
-758246
-3806687
1062845
-665845
-4539883
-1924401
110550
877645
4436739
-1738078
-2129059
-1319451
699036
-3178680
1881808
-722496
-2687587
2112598
-664550
853539
3990364
-1179283
-3186217
-1517641
-105359
-3761669
1274470
-750970
-4151595
-1933170
-7075
855898
4289994
-1894449
-1298798
-1298274
824098
-2620705
1546846
-780744
-5188364
-1660055
345470
719228
4208358
-1114063
-4240889
-1093011
155836
-4500819
2531519
-566437
-4286733
-442838
-184296
1434872
5762204
-2133168
-2281618
-2175887
945109
-3477393
1944061
-787754
-5538856
-2855651
433941
1028244
5032447
-1801462
-2854516
-1462929
845948
-3746712
2495122
-655645
-5681534
-3019034
434514
1231880
5563250
-2079267
-2538114
-1737613
1104897
-3628272
2548203
-687782
-5356461
-2549190
318822
1192735
5395957
-2014646
-2493422
-1712431
1008021
-3569787
2388154
-700776
-5795446
-3636029
524761
1136230
5347459
-2104088
-2207817
-1572167
1169027
-3385422
2509361
-688974
-6106318
-2280848
537341
1222019
5651817
-1607262
-4442994
-1747042
658207
-4864254
3098700
-569074
-7176491
-5609027
905596
1726630
7097446
-2971830
-1538903
-2275379
2100215
-3245571
3131993
-724702
-6285853
-1792338
536708
1356111
6030480
-1542426
-5182920
-1953167
576661
-5397645
3354212
-537495
-8524545
-4081433
1142580
2190685
8580265
-2459435
-5510710
-2962994
1599241
-6028799
4605128
-509256
-8559173
-4638986
1073214
2604165
9593490
-3222973
-4013219
-3516763
2305910
-5228871
4436661
-630280
-8559605
-3490614
1072772
2395660
9099308
-2528047
-5910525
-3276922
1623741
-6364732
4750223
-509659
-11721353
-4163829
1915722
3153873
11707143
-2337407
-10507669
-4230685
1602914
-9744023
7208433
-210721
-12307564
-9544819
2028735
4426558
14888507
-5733857
-2308055
-5754711
4941987
-5003922
6204317
-745815
-10539454
-5669510
1699751
2809264
10557192
-2932721
-6683567
-3707535
2180849
-7108614
5866736
-424062
-11104186
-5169833
1685621
3468344
12314690
-3425576
-7196042
-4641256
2601209
-7714284
6380376
-444266
-11881610
-6284146
1904341
3784575
13260257
-3892471
-6848592
-5014320
3106671
-7648050
6732364
-461104
-13271801
-7694287
2376338
3930120
13930758
-3929592
-7847094
-5118878
3273382
-8407020
7567311
-361585
-15772945
-8438016
3036051
4596203
16153077
-3946153
-11076491
-5956688
3417119
-10844673
9450170
-153365
-5729830
-4744633
-353177
4656740
13940003
-7511433
6720015
-6463419
5985857
993452
1657223
-1539395
