78674
369749
-648117
-37390
-153632
-143981
180387
621150
-508969
-74672
-1291758
310377
86741
29908
-618260
-89413
-304345
-146213
441682
738132
-488988
17228
-1373678
306764
259909
942114
-787246
-146434
-533413
-38082
226815
806409
-704883
-22553
-1549765
306865
-762234
-2310109
210912
-42931
195222
-26473
-1587556
787834
-475014
-645253
16121
426029
-85455
342643
-676638
380157
1075731
-536625
578240
-204746
70387
-74216
-1021357
268186
-520970
-2698125
6162
-16241
153396
-291306
279329
734607
-92886
-83000
-621788
347723
-8875
-59447
-576730
21799
46363
-229480
347309
524529
-357080
-45136
-1202518
305491
96286
580617
-657791
-74096
-261181
-75419
-67769
685464
-619822
-138060
-1276421
320546
-523761
-2365635
-9247
-9333
176957
-239895
-83499
708025
-183684
-193065
-543191
358615
-161856
-245306
-469553
106293
348927
-258163
-44654
371746
-294301
-192265
-916989
320267
-203940
-530306
-398385
54535
222719
-216798
-124865
489142
-335947
-204888
-873362
330895
43311
536666
-660508
48865
102655
-194115
63198
443930
-442589
-134062
-1194283
308018
-84175
-510043
-467949
-32560
-73222
-190998
256112
655606
-383497
-62138
-1119959
319078
-193394
141354
-411832
-8201
50944
-32118
-1003741
588182
-636961
-449772
-733785
363923
-49322
534402
-639306
193289
544565
-304100
-8404
160188
-276922
-198171
-1018066
302529
-224583
-1021319
-348466
31118
162894
-259900
231113
556410
-247154
-93806
-930420
323516
-15983
101965
-565221
-8457
-32384
-160294
35099
579349
-464365
-130627
-1143722
318784
-97785
-399082
-466101
-20368
-32165
-176999
94379
627690
-408260
-114250
-1067298
323908
39070
659304
-637448
-11037
-59695
-98097
-281484
559510
-586729
-221317
-1143852
325061
-356150
-1345046
-223406
42378
251892
-239445
-113954
554470
-249714
-206648
-707321
342556
-357496
-303959
-305362
129591
503424
-162144
-1006029
339310
-414169
-495340
-492831
361988
-475991
347093
-314048
329595
1117135
-207490
-1775254
-79628
-372957
-783245
-125625
374707
-302975
154422
-510535
459027
1392655
-514729
-190780
-342209
65548
-335694
-589111
299923
-274464
-862916
-366696
162955
551752
-356193
182599
289040
-112770
-145441
-812351
315518
-206227
604506
-460780
86456
322835
-56292
-1296819
381239
-624877
-562554
-623373
364648
-560560
-1333769
-153351
303268
1067506
-410035
-468476
43585
11240
-391544
-301729
342335
-249054
-146488
-455258
244922
773279
-347365
-215661
95360
-164147
-284184
-729297
318085
-594166
-2341579
-11472
141801
627356
-368591
-38763
408444
5824
-223069
-412924
347237
-510583
-2237475
-90302
144176
596168
-410654
322429
394519
54486
-111573
-579377
329745
-117129
499610
-531692
80824
264966
-128857
-697765
391140
-522048
-377793
-846904
340099
-391010
533926
-351119
219483
775328
-101310
-1845219
128639
-541998
-770706
-251330
381779
-684557
-2493303
-45381
430436
1465204
-678934
513133
-158719
467334
-139015
-307711
307752
-237726
4892
-427273
137226
471953
-199743
-652364
304675
-385249
-385514
-696843
341644
-492452
-610642
-213592
226312
830257
-238836
-1125143
165603
-277518
-563402
-277680
365718
-364708
-374106
-383156
339747
1086683
-421278
-319895
-78800
-37054
-346277
-539807
320167
-573620
-1573472
-94418
214884
827089
-336798
-549033
230865
-80869
-393123
-305373
354542
-482865
-292522
-262990
290544
1006310
-267116
-1225558
23907
-253852
-609611
-243283
361825
-621676
-1556698
-121463
379476
1304239
-498213
-329211
-96779
154350
-373278
-230322
334755
-1114115
-3157011
401908
330660
1382333
-380162
-1470897
93386
104954
-727183
539040
410330
-1532365
-3126794
622577
677483
2534664
-503846
-2781561
-577388
314180
-1230962
1412965
446752
-748015
-211838
-304542
940686
2926116
-850553
-796123
-1266240
602494
-666040
226734
302771
-683913
1834941
-307432
590412
1948317
-119000
-3786144
-647474
-560207
-1461836
615897
426685
-1464384
-2194233
378778
1020109
3458635
-799069
-2375543
-1304581
686007
-1195976
1388573
395258
-795663
2019927
-390220
1005228
3147884
-507428
-3337722
-1479340
-1882
-1442778
815561
379462
-1324203
-2203387
262079
1006684
3356476
-880681
-1619876
-1285907
792956
-959763
1072542
362945
-1698500
-1918286
611848
922316
3299644
-473388
-4297639
-1104912
221482
-1755690
2001563
481832
-1372991
-647653
86253
1364090
4381380
-1005271
-2514396
-2059765
896440
-1322433
1447307
359057
-1825036
-3166350
699622
1113075
3873347
-832150
-3035823
-1431096
811641
-1436446
1967223
432344
-1876546
-3336903
700191
1238781
4242875
-977140
-2747847
-1673306
1033085
-1386306
2017304
414516
-1759187
-2846440
585410
1214617
4126411
-943413
-2707171
-1651101
950240
-1361547
1866301
407308
-1917671
-3980975
789727
1179736
4092648
-990094
-2447225
-1527419
1087926
-1283498
1980658
413855
-2029903
-2566322
802208
1232694
4304532
-730795
-4481586
-1681620
651092
-1909547
2536688
480369
-2416260
-6040556
1167564
1544195
5310932
-1442979
-1838409
-2147494
1884244
-1224294
2568099
394035
-2094719
-2056374
801580
1315470
4568145
-696956
-5155034
-1863376
581356
-2135352
2777759
497887
-2902938
-4445925
1402682
1830661
6343221
-1175554
-5453374
-2753816
1455830
-2402545
3957975
513553
-2915440
-5027946
1333862
2085906
7048595
-1574053
-4090423
-3242115
2060147
-2063903
3799029
446415
-2915596
-3829178
1333423
1957194
6704562
-1211363
-5817268
-3030630
1476781
-2544759
4094869
513329
-4057059
-4531937
2169736
2425246
8520051
-1111866
-10001388
-3871634
1458971
-3975347
6414145
679165
-4268695
-10149067
2281860
3210887
10734811
-2884513
-2538458
-5215482
4314424
-1968674
5466780
382322
-3630367
-6103693
1955466
2212516
7719493
-1422567
-6520857
-3410333
1953200
-2859674
5148279
560814
-3834248
-5582088
1941447
2619372
8943005
-1679794
-6987290
-4233665
2312676
-3116078
5632888
549606
-4114916
-6745302
2158445
2814584
9601277
-1923472
-6671056
-4562624
2744929
-3088038
5964983
540265
-4616807
-8217326
2626726
2904431
10068058
-1942846
-7579849
-4654820
2887494
-3409341
6752740
595473
-5519777
-8993693
3281245
3315610
11615163
-1951489
-10519105
-5393580
3010413
-4441296
8529182
710983
-1893982
-5138229
-81298
3352980
10074494
-3812250
5678497
-5840403
5207104
570254
1176681
-57915
