230509
256256
-458467
-126610
-262323
45603
446821
-149805
184454
331457
-421715
347106
247611
113356
-387827
-455902
-589142
37508
695653
183877
246398
582531
-659367
307927
614738
496930
-787632
-816835
-1085874
429661
491035
378630
-422911
473848
-1170199
309016
-1552274
-870599
1573915
-161678
494163
471762
-1236789
325648
289718
-1227379
3372458
1601021
-117457
244858
-525943
2516391
2403533
-1378379
825696
-2505615
1980542
332704
362721
-110341
-1040777
-1033756
1089495
7262
403462
-488694
541043
173824
1474372
308706
1521877
752010
44898
75783
-289573
248048
171363
-264473
605781
-425411
655329
412150
-162830
294129
267848
344924
-481355
-358950
-495541
294253
210502
33646
-159207
158280
-377222
457353
-1046694
-893947
1053039
50988
454554
-302244
195523
97997
1192885
8007
1749887
870105
-279431
-2369
-36001
782879
827469
-368494
232515
-861213
849955
10191
665494
454334
-368652
-122209
132376
455263
553789
-218478
156130
-526351
720846
-24294
792056
569565
155537
326443
-487781
419375
293432
-136215
335223
-655312
390240
169204
-138941
321518
-114743
-113688
-32206
-96039
-87956
-124912
518934
-51525
573433
365701
76675
441439
-346293
160218
100561
58151
181296
451289
-680823
-243846
-212342
-693322
1196971
927656
-40851
325491
-437620
1333546
1251708
-535093
267036
-1464664
903832
-5943
372267
262016
-412417
-328675
250480
307037
424058
-374795
495128
-334472
996116
279185
626530
489556
29830
143655
-262341
56532
602
-13558
308464
-269041
322732
178587
7737
438244
-143596
-67030
-27834
-18861
1075
-74142
364916
-131151
496664
223329
229444
493805
146545
378011
-433223
40200
-58621
212006
6982
-325629
-56614
-69179
7361
506309
-691347
-464799
546358
378311
617051
-300613
166520
-340006
988181
-29103
1273744
695994
-694201
-27032
352460
930353
1162495
-20268
-683002
-953732
478348
-817813
1895983
906681
-945419
246729
331910
2196349
2493317
-184720
-1415534
-2148723
606109
-1604375
2961251
1044580
-578612
165713
-132960
3015627
3090780
-1298970
93360
-2897717
1965541
-381658
1616671
233751
-518167
-262068
207349
1141540
1267292
-724015
448928
-1097124
1412729
138117
969048
402834
-373501
354969
-15244
657317
770888
363619
-959920
-834136
-174881
-1001444
1517277
935518
-1124711
-460057
712103
2029698
2385699
-919282
-171090
-1797267
1797178
-534243
2450371
693589
-464296
39183
-2180
1660376
1747671
-691997
69666
-1649583
1253451
-240932
1209992
430671
-1195957
-883832
1047774
1007641
1431239
-768977
238125
-756535
1780386
-73965
2127795
746741
-1018755
-840057
861272
1022675
1363607
-921526
582088
-796255
1931247
230645
1644909
557087
-184608
310861
-183015
621665
645401
100454
-389442
-805892
143906
-496675
868811
669347
-765253
325291
244204
1499358
1752113
200354
-1482161
-1554656
82057
-1570120
2596579
1121253
-1387592
-947630
967549
2834652
3248100
-1894487
763695
-2374325
3211137
155671
2433016
318640
-440281
102837
64031
978680
1094249
-156625
-346206
-1052528
568002
-517768
1304140
686102
-980317
-155989
569579
1542582
1871226
-298402
-796434
-1449222
901986
-1003760
2520138
947119
-709492
-56528
168406
2260604
2427283
-960057
-29597
-2146362
1647459
-410573
1759704
453239
-1152398
-560850
851534
1470241
1864357
-653678
-247804
-1263064
1511624
-538557
2439801
825946
-959992
-22223
452707
1949161
2252996
-400967
-892059
-1853400
975352
-1130006
2619923
904904
-1254281
-553797
787549
2512082
2899049
-1239072
-38468
-2197647
2240841
-484339
2657523
611405
-2298284
-1226713
2025793
2203086
3068396
-810942
-1125695
-1655215
2087706
-1451214
4889452
1430813
-3185002
-1214007
2547876
4398416
5567210
-1259500
-2373839
-3568549
2736337
-2827548
7424722
1825708
-1522129
11704
354400
6064450
6416067
-2516886
-483108
-5533449
3630152
-1284170
3983449
264629
-1386227
872355
347562
3847276
4295725
136200
-3330501
-3768463
25606
-3458300
5112417
1608136
-3040878
-821874
1971070
6567179
7570829
-2330172
-1987188
-5642812
3889054
-2731965
7353962
1267401
-1623144
950140
151695
6472987
6896969
-1272491
-2903470
-6141298
1756496
-3406233
5691645
1096136
-2743685
-825723
1694971
6482205
7349299
-2626150
-1267567
-5589548
4220610
-2086626
6437153
917053
-3537221
-705841
2522492
5948171
7226059
-1149043
-3817597
-5073269
2448958
-4261113
9132256
2206046
-2847119
-171552
1278985
8744525
9571790
-3077995
-2119417
-7796918
4541426
-3077448
7524350
874891
-3805485
-1230640
2730159
7155639
8470128
-2450146
-2615971
-6003686
4278538
-3388935
9032634
1669485
-3914690
-1302356
2731504
7951338
9271442
-2975973
-2341733
-6694572
4965045
-3251950
9177920
1476191
-3665881
-1096121
2459942
7798384
9018892
-2853659
-2302996
-6631235
4708214
-3184308
8739858
1398035
-4001877
-1573182
2943339
7577590
8945679
-3022953
-2055451
-6278443
5135064
-2971076
9071607
1469021
-4239816
-978334
2972866
7912809
9405146
-2082566
-3992770
-6718287
3780810
-4681452
10684660
2190182
-5058919
-2439216
3837263
9884558
11587509
-4665407
-1475676
-8047161
7603766
-2809329
10775784
1254132
-4377231
-763906
2971382
8436769
9976787
-1959844
-4634094
-7236734
3564623
-5298357
11384009
2380121
-6090710
-1768689
4393531
11697837
13826015
-3695551
-4918203
-9776648
6275616
-6028332
14807832
2549971
-6117214
-2013423
4230710
13313497
15355608
-5140769
-3620266
-11169487
8149090
-5103158
14346730
1822049
-6117545
-1509353
4229671
12498769
14609578
-3825418
-5264739
-10566238
6340571
-6416863
15204966
2547545
-8537524
-1804856
6208310
15461459
18546440
-3464577
-9249271
-12965141
6285356
-10325257
21933217
4345564
-8986206
-4166806
6473582
20434433
23349118
-9893348
-2142331
-16798370
15137680
-4842989
19184897
1127145
-7632907
-2465765
5701367
14114911
16810441
-4591382
-5934766
-11649315
7817537
-7277216
18260921
3062387
-8065149
-2246435
5668198
16690245
19463610
-5524253
-6378949
-13997810
8931966
-7977718
19666781
2940865
-8660184
-2735555
6181595
17925905
20891065
-6407988
-6077800
-14936140
10272015
-7901113
20630191
2839590
-9724226
-3354527
7289504
18494618
21903273
-6478250
-6943242
-15199123
10713986
-8778916
22915486
3438164
-11638584
-3680982
8838034
21097313
25258149
-6509598
-9742292
-17306380
11095053
-11598238
28068970
4690541
-3951655
-2059796
882573
21333861
21917230
-13257927
5682665
-18580910
17905117
2093407
6739261
-3645992
