-2502
109360
-626743
-45547
-99169
-182748
65623
504234
-1247632
11061
-1240487
301030
11579
132686
-1103713
-203762
-186782
-69292
209002
630532
-1058530
27763
-1966835
396148
71115
669488
-1447010
-360664
-349451
-16851
101967
1057391
-1692047
-27675
-2387776
291449
-160279
211587
562989
-234746
306606
88378
-158263
805727
-673458
-369494
389837
479959
-21858
260508
-1279075
516551
933010
-78611
312272
-92592
11937
-74513
-1614051
228085
-103640
368393
183906
-56886
216040
-186273
181982
781932
-44712
-69010
-963616
435882
-4675
-7761
-1096559
-74860
64473
-23867
190682
481408
-607894
-41138
-1601784
284449
30956
491926
-921178
-105652
-171962
-11550
9722
712648
-1006605
-92978
-1842421
349539
-114752
130503
43666
-148181
144186
-57500
4340
790516
-415327
-146220
-807244
320827
-24297
201877
-700882
82701
278212
-142032
-3809
379322
-455827
-134992
-1462213
374957
-46864
36893
-610203
29107
150773
-110473
-36331
498716
-612189
-136562
-1254430
284030
18122
476894
-921448
52736
106457
-124546
19597
450417
-664949
-95339
-1860380
346723
-20618
37613
-908998
-111156
-36413
-71426
122790
837711
-877949
-75726
-2020775
290414
-37617
252390
-562776
26284
47585
27799
-194391
676078
-1143493
-306317
-1267527
419562
-18065
389174
-1260997
219858
470151
-116712
-37593
200529
-559835
-130425
-1601696
282244
-49095
197104
-498342
33718
124448
-17829
134578
610468
-464302
-73446
-1458707
333490
-6004
97152
-1185665
-41802
-8619
-84997
-20812
754175
-1056628
-105491
-2048590
300482
-23012
201153
-715366
41084
-12728
-59630
27750
697793
-799461
-78772
-1848003
327728
6534
515373
-1284380
-56211
-32914
-55883
-93115
634612
-1223852
-150670
-1818885
277996
-90999
215424
-312863
58272
181445
-100283
-54213
585658
-443751
-133142
-1136126
341158
-99843
31496
-600817
161608
430646
-114854
-258820
450458
-972298
-339925
-916121
323443
-133984
422236
-584523
390494
933077
-83511
-420091
-27701
-718321
-530872
-229144
389197
-91178
155161
-1086806
627072
1175909
-283608
-74664
-190253
93302
-234738
-1023546
289111
-76607
185952
-695308
180676
425820
-161720
114658
358294
-187157
-99778
-1256204
313161
-68946
526162
-1004056
135923
259622
-96415
-377837
497909
-1378911
-392776
-1175035
343517
-173507
246889
-160587
425454
938553
-201089
-106148
75039
-60842
-270440
-490003
356747
-74866
45235
-1049425
331204
685286
-235655
-89253
189320
-341197
-205235
-1333890
318080
-172026
276223
38020
207074
512223
-236051
-25569
453409
31127
-141901
-614029
325889
-167561
-217373
-136807
192792
549589
-201432
196987
484524
60951
-75531
-1054791
316350
-42757
509198
-1141331
161414
217604
-10460
-240700
472422
-1026605
-257604
-1515373
350351
-121944
494758
-901604
258888
662051
-123045
-605837
175822
-1164750
-545272
-445624
355915
-201840
227005
28219
547010
1342748
-407875
341397
-156324
883990
-76424
-356275
225020
-73734
92462
-1142029
192941
410186
-78414
-300787
442441
-783455
-292893
-1212951
362088
-134200
-17370
-727301
534713
763338
-290165
-243410
388689
-200747
-329741
-811137
387795
-113409
9484
-881390
200758
542834
-239610
-101324
392635
-356222
-233635
-993304
383146
-161804
87416
-176639
356669
602356
-270112
-133981
438625
-147493
-223604
-660724
409889
-116892
-66082
-917896
765925
739243
-339046
-240811
-69851
-515883
-378191
-601240
426744
-201356
106291
-78477
371664
996022
-207990
-136667
156118
40888
-220251
-405224
351941
-266700
-498256
302825
887768
1073237
-296905
-254809
104647
288092
-454932
483026
439932
-399361
-7036
837017
836088
1823055
-297568
-533371
-122630
537260
-729141
1812721
482568
-205310
-1177
-1130787
1413899
2078131
-651709
-183394
-615334
1009356
-433785
173426
353378
-189271
1282495
-745229
891077
1547131
-76532
-863069
-261097
-1029642
-895372
648978
487013
-349804
-408957
166683
2183866
2497411
-475582
-533784
-1125173
1194376
-770827
1184569
412958
-228281
900596
-983678
700593
2201996
-222883
-615943
-415502
414495
-781881
821779
432446
-352398
-381882
-16275
1694019
2260034
-416961
-416527
-745872
408525
-682310
1487206
264084
-408885
-98143
765771
1704349
2523023
-422343
-816075
-600610
1269290
-918101
1938166
544694
-361296
-36656
107271
1456383
2598059
-346316
-640585
-714274
1039693
-901107
1866178
377454
-491933
-100517
1281664
1665542
2871096
-298144
-592365
-613663
1407752
-896709
2711517
533773
-469731
-410466
638816
2384879
2925470
-455916
-599928
-1350399
1619089
-893637
2066011
368367
-479923
-128377
857688
1754239
2816889
-239060
-570967
-810346
1552432
-810340
2239926
461336
-490708
-205507
1238041
1727596
2729008
-375490
-544584
-1187193
1548882
-852582
2309527
324736
-532563
25465
1384487
1602094
2810594
-340904
-756838
-875900
1666980
-1000978
2765085
549047
-587032
-732897
1659975
2327129
3131044
-324503
-440926
-1345802
1800007
-855901
3093748
277456
-529661
-284353
874016
2419968
3013961
-307567
-1223815
-1206823
1054881
-1292400
2951221
538342
-710571
20477
2251721
2281718
3862430
-369116
-1014711
-1520730
2904747
-1348053
4038603
403906
-746023
268307
2612688
2332376
4066301
-506016
-927253
-1310849
2836929
-1274130
4844388
419301
-691387
-475395
1518261
3190498
4154657
-282240
-1056846
-1832561
1951068
-1547691
3948096
363884
-968644
183127
3770004
2940149
4919095
-509327
-1785479
-1566405
2849949
-2053271
6336911
644229
-969665
-1005264
3280204
4317766
5983594
-485359
-585351
-2319991
4703108
-1302757
5605479
219915
-857258
-626356
2504349
3428331
4751019
-486333
-1589253
-1720879
3351580
-1691807
5247560
602712
-893301
276029
2811837
3044537
5264189
-407702
-1320330
-1662803
4001855
-1681012
5302194
387900
-955423
431293
3676610
3022331
5123761
-818282
-1739300
-1447737
3672653
-1891438
6622831
448301
-1027201
-1014857
3418685
4129842
5912413
-907300
-1797869
-2108648
4192730
-2061228
7370749
419522
-1220833
-1590285
4123100
4737093
6111188
-1146105
-4645640
-1946681
5054144
-2760106
8101612
518266
-443051
-236133
-291962
2877269
6668674
-1977873
1365424
-2351410
3992351
85659
1493377
-63157
