-908
39685
-227435
-16528
-35987
-66316
23814
182979
-452746
4014
-450154
109239
3871
44356
-368960
-68116
-62439
-23164
69867
210780
-353856
9281
-657492
132428
36417
342835
-740992
-184691
-178949
-8629
52216
541474
-866472
-14172
-1222744
149247
-56064
74012
196929
-82112
107248
30914
-55359
281837
-235571
-129246
136362
167886
-8728
104019
-510724
206255
372543
-31389
124688
-36971
4766
-29752
-644478
91073
-33222
118091
58952
-18235
69253
-59711
58336
250653
-14333
-22122
-308894
139725
-1852
-3075
-434400
-29656
25541
-9455
75538
190709
-240816
-16297
-634545
112684
12042
191363
-358345
-41099
-66895
-4493
3782
277225
-391577
-36169
-716716
135973
-41025
46657
15611
-52977
51548
-20557
1552
282620
-148485
-52276
-288601
114700
-7756
64442
-223731
26399
88809
-45339
-1216
121085
-145506
-43091
-466759
119691
-18060
14218
-235158
11217
58104
-42574
-14001
192193
-235923
-52628
-483427
109458
6682
175852
-339778
19446
39255
-45926
7226
166089
-245196
-35156
-686004
127852
-7099
12951
-312995
-38274
-12538
-24594
42280
288449
-302304
-26075
-695813
99998
-11422
76638
-170887
7981
14449
8441
-59027
205291
-347222
-93013
-384884
127400
-7105
153054
-495925
86466
184901
-45900
-14785
78864
-220172
-51294
-629915
111001
-16090
64597
-163321
11050
40785
-5843
44105
200068
-152165
-24070
-478060
109294
-2018
32646
-398418
-14047
-2896
-28561
-6993
253425
-355058
-35448
-688386
100971
-6547
57231
-203533
11689
-3621
-16966
7895
198533
-227459
-22412
-525785
93244
2492
196536
-489795
-21436
-12552
-21311
-35509
242008
-466713
-57458
-693628
106013
-27682
65532
-95173
17726
55195
-30506
-16492
178157
-134989
-40502
-345609
103780
-29379
9268
-176791
47553
126718
-33796
-76158
132547
-286099
-100023
-269569
95173
-38247
120532
-166859
111471
266357
-23839
-119920
-7908
-205053
-151543
-65412
111101
-31106
52934
-370770
213929
401168
-96755
-25472
-64906
31831
-80082
-349189
98632
-21723
52730
-197168
51234
120749
-45859
32513
101601
-53072
-28294
-356221
88803
-20182
154021
-293912
39788
75998
-28223
-110602
145750
-403641
-114975
-343962
100556
-44309
63048
-41009
108649
239679
-51352
-27107
19163
-15537
-69063
-125133
91103
-22171
13396
-310779
98084
202942
-69787
-26432
56066
-101043
-60779
-395022
94197
-47143
75698
10419
56748
140374
-64689
-7007
124256
8530
-38888
-168273
89309
-43486
-56413
-35504
50034
142630
-52276
51122
125744
15818
-19602
-273741
82100
-9885
117727
-263877
37319
50310
-2418
-55650
109225
-237352
-59558
-350356
81002
-32455
131677
-239956
68901
176201
-32748
-161240
46794
-309991
-145121
-118600
94725
-51094
57465
7143
138472
339908
-103251
86422
-39572
223776
-19346
-90189
56962
-17554
22012
-271880
45933
97652
-18668
-71608
105331
-186515
-69728
-288764
86201
-29246
-3785
-158498
116528
166351
-63235
-53045
84705
-43748
-71859
-176768
84511
-27805
2325
-216098
49221
133091
-58747
-24842
96266
-87338
-57282
-243537
93939
-37123
20056
-40526
81831
138199
-61972
-30739
100634
-33839
-51302
-151591
94041
-25720
-14540
-201966
168528
162657
-74601
-52986
-15369
-113511
-83214
-132292
93897
-40188
21214
-15663
74179
198791
-41512
-27277
31159
8161
-43959
-80877
70242
-59236
-110666
67260
197179
238373
-65945
-56595
23243
63987
-101044
107283
97712
-87287
-1538
182944
182741
398459
-65039
-116577
-26803
117427
-159366
396201
105473
-42054
-241
-231624
289615
425672
-133492
-37565
-126041
206750
-88854
35524
72384
-35604
241251
-140185
167621
291031
-14396
-162352
-49115
-193686
-168429
122079
91612
-73894
-86389
35211
461326
527560
-100463
-112758
-237685
252303
-162832
250232
87234
-45185
178261
-194706
138673
435857
-44117
-121918
-82243
82044
-154763
162660
85597
-68548
-74283
-3166
329519
439620
-81107
-81022
-145086
79466
-132722
289290
51369
-74607
-17908
139726
310983
460362
-77063
-148905
-109590
231600
-167521
353647
99387
-72186
-7324
21433
290983
519089
-69193
-127988
-142711
207729
-180040
372860
75415
-92403
-18881
240742
312848
539294
-56002
-111267
-115268
264426
-168434
509320
100262
-88204
-77075
119953
447820
549329
-85609
-112651
-253571
304024
-167802
387945
69170
-85211
-22793
152284
311467
500142
-42445
-101376
-143878
275636
-143877
397702
81911
-93281
-39066
235344
328406
518768
-71378
-103522
-225678
294433
-162071
439027
61730
-94834
4535
246536
285285
500483
-60705
-134770
-155972
296839
-178244
492379
97769
-107471
-134175
303900
426039
573216
-59408
-80723
-246383
329536
-156694
566388
50795
-92183
-49489
152115
421175
524555
-53529
-212995
-210038
183593
-224932
513636
93694
-132343
3814
419380
424967
719373
-68747
-188989
-283234
541006
-251073
752185
75227
-128997
46394
451767
403297
703115
-87497
-160334
-226662
490541
-220313
837656
72502
-123179
-84697
270496
568424
740200
-50284
-188289
-326492
347605
-275739
703399
64830
-167727
31710
652802
509107
851774
-88193
-309168
-271234
493488
-355538
1097279
111553
-175598
-182045
594016
781910
1083577
-87894
-106002
-420130
851692
-235918
1015104
39825
-144647
-105686
422563
578468
801647
-82060
-268157
-290367
565518
-285461
885430
101697
-157680
48723
496328
537402
929201
-71965
-233056
-293507
706382
-296722
935910
68470
-165671
74787
637527
524075
888465
-141891
-301596
-251039
636841
-327977
1148405
77736
-184168
-181954
612939
740443
1060041
-162671
-322341
-378061
751718
-369559
1321507
75216
-208415
-271486
703876
808694
1043273
-195658
-793082
-332328
862820
-471192
1383069
88476
-65752
-35044
-43329
427007
989678
-293530
202638
-348966
592493
12712
221628
-9373
