2364
1728
-926
-3790
-6119
-10846
-13334
-15742
-18497
-19408
-21628
-23025
-24668
-24709
-25995
-25978
-21108
-5519
-6148
-7706
-10445
-13581
-14971
-17880
-21151
-24120
-25258
-26722
-26764
-27164
-27274
-27273
-27273
-30195
-14482
-10165
-14925
-14908
-13789
-18045
-16961
-21460
-23280
-26766
-28550
-29981
-30423
-31333
-31970
-32715
-32691
9754
-15006
-13904
-8178
-8408
-10138
-19828
-24859
-26458
-31203
-30630
-31130
-31332
-31410
-31410
-32469
-32161
-31316
-30568
-30078
-30675
-31141
-31535
-31643
-32251
-31526
-32768
-32768
-32768
-32768
-32768
-32768
-32768
-16
-19154
-5219
-7414
-7479
-11942
-12456
-16282
-23943
-23099
-30223
-31229
-32330
-32554
-32765
-32768
-32768
-5232
29738
29368
28867
28106
26919
25489
23450
20670
17483
13393
9516
5523
2635
-5
-747
16
591
5111
7538
4391
6115
5375
-565
1961
310
-365
-886
-31
-62
14
18
19
19
19
