-590204
-428294
-614642
-675375
-714184
-917304
-925089
-1099448
-1219740
-1326929
-1422277
-1489969
-1535695
-1568280
-1603092
-1615012
-1832037
-722253
-787675
-794163
-870254
-966942
-962165
-1122169
-1259887
-1339803
-1456361
-1533273
-1572671
-1607572
-1632911
-1639292
-1637519
-1137796
50644
-441967
-489399
-454629
-507398
-690100
-907728
-1063601
-1179099
-1314361
-1381532
-1454881
-1519819
-1546216
-1582242
-1595156
-1156943
-650040
-473455
-563659
-753400
-867530
-971875
-1021471
-1134432
-1270395
-1335995
-1467195
-1535324
-1603820
-1641044
-1672104
-1657426
-1204162
