6493
-5929
-7340
-3978
-971
-4041
-7485
-3480
5397
-4467
-6143
-5262
5237
-3586
8101
6710
3144
-2344
-6360
3848
265
-3560
4210
-6501
1420
2358
-596
-834
2764
-3003
-2937
-1084
1123
-1650
-1733
-4546
-4432
1383
511
679
1592
-2071
-3257
-1564
-2127
-3252
4123
214
855
-8656
3851
296
5005
5417
-4089
-10131
-2804
2638
-2815
248
8539
451
10086
766
787
-5909
-2609
-2556
-1207
1380
-235
-2775
-1709
-6294
392
5853
-2377
1859
4123
-10146
-2525
2239
-2377
2963
2695
-2115
4765
-1881
-3286
-3489
-1807
-5134
8233
-855
-6669
-1044
-2473
-11525
161
-255
14585
-696
629
-5527
-982
-1257
1005
-20205
7665
-3284
13294
-3364
-12289
3354
6174
-241
-13853
-5149
-2793
464
1583
4643
649
-2483
4287
-1961
1152
2758
3078
-3318
-3773
-1848
2028
-1265
2395
1822
-5962
3684
496
548
-1200
-3330
964
-2210
-636
6093
-912
3203
1266
2009
4430
-1703
799
2742
573
-2811
1422
2694
375
29
3388
-893
2012
-3755
5556
-3614
-9500
2069
-1654
-2433
4508
2662
7859
3620
1084
-10596
-1583
2125
3836
-6468
1341
-600
1065
-1660
-3688
-4459
422
3821
-10830
3775
-1401
1192
-119
4828
-1945
-816
-13268
-2021
-2274
7036
2051
1375
-1829
468
-4468
133
1666
534
3283
-7166
-2387
3747
-7684
-3393
822
-1172
2610
-5950
-3442
-855
-2545
-2809
-1013
-10589
3076
1395
-722
-982
-11532
-1320
-917
-412
-1337
2268
424
111
9430
-433
-6401
446
-2240
-17938
1039
3589
-5794
1754
-105
308
-3026
3153
-263
4811
402
4046
5691
539
-170
-4048
-3859
-3797
4398
4924
-7238
614
-873
-4564
2311
5167
8060
3127
243
2852
-432
1845
1026
122
129
1408
9119
-1134
-4453
-8227
-9062
405
-4367
1579
-6475
-1768
1868
1853
-850
-1971
3762
1580
-6237
6966
711
2586
-410
5007
4714
-1731
-2076
1526
5588
-2631
-368
10655
-6741
2263
5472
-1398
2912
5899
-2767
-5100
12083
-2779
-975
-1985
2276
596
-4106
-7242
2130
-1435
4956
3350
-1497
4730
-2054
525
1987
-3927
-3381
-1844
354
-6558
217
1014
-556
-249
-190
1248
882
31
939
2307
-979
1361
-2682
615
853
-5147
-2999
-1480
-10439
-232
2091
-345
-2787
-16090
3494
1198
-4782
1510
483
5089
-1990
2284
612
6475
-159
2148
-2389
-1810
-3507
-5566
-7293
5269
-2929
8818
-1906
2939
1283
705
-102
-1296
-1207
-2307
1766
-4428
-1416
2344
-1549
7041
-1608
739
652
685
913
-4010
-1627
-312
-4556
-686
-2854
1872
-774
-1145
-224
-6948
4183
1820
-2508
-4089
1124
3176
-1275
-865
401
1914
3344
-1793
10108
-1988
-1405
2043
-101
-657
-96
-395
259
-2442
-78
6453
-5382
-283
3326
-6977
-298
4140
-434
-1612
11
-9
233
1971
-482
-3116
5188
-3886
7458
-3108
-4832
492
-1190
-227
3032
2088
7454
1704
1381
-5395
-1764
3615
1991
-10724
2647
3967
5125
-243
1162
-837
-1089
3373
-10964
-1363
-9471
1159
-4532
-5751
2918
-1206
1127
2379
-1927
-5406
-2644
1527
2988
-8401
2036
468
1372
-2472
1993
-2037
-4396
-5684
-6638
3259
-10397
1595
-2497
-271
3606
5383
-1780
3466
-845
2485
-2162
2394
1752
-9576
-5765
-81
2232
-3171
-6191
-3789
-8584
2140
-14263
4041
-5049
3168
-4569
-8506
2452
-1943
2017
1990
-3999
-3707
-4182
2463
4699
-14768
2164
737
2471
-2639
3543
-5317
-7011
1073
-13394
-756
-21779
3659
-2248
-7748
2099
3899
-1251
578
1624
-3788
-2812
973
-186
-6240
2522
-755
7046
-1690
-5449
1466
2468
-4637
-1326
-5239
-8568
1063
