0
0
202965
0
0
235889
0
0
233305
0
0
541129
0
0
798854
0
0
579308
0
0
-1752122
0
0
-2320070
0
0
-748464
0
0
28116
0
0
-1456934
0
0
-331587
0
0
-125067
0
0
241848
0
0
332745
0
0
56917
0
0
-1407829
0
0
-682773
0
0
-558021
0
0
-372682
0
0
-603335
0
0
-442633
0
0
37591
0
0
3771
0
0
-255469
0
0
128647
0
0
-354283
0
0
-1197369
0
0
-351557
0
0
-303270
0
0
-697244
0
0
-106810
0
0
-57565
0
0
-30076
0
0
-276552
0
0
-49980
0
0
149645
0
0
-266757
0
0
-1003794
0
0
-582961
0
0
-941801
0
0
-1508987
0
0
-1336274
0
0
-2554376
0
0
-1283513
0
0
-1004677
0
0
-961736
0
0
-334223
0
0
-436618
0
0
-1579168
0
0
-1767294
0
0
-1389102
0
0
-908903
0
0
-761827
0
0
-1764440
0
0
-863142
0
0
-1604684
0
0
-436318
0
0
-295449
0
0
-914792
0
0
-978853
0
0
-2422184
0
0
-2408558
0
0
-721571
0
0
-688456
0
0
-1055753
0
0
-1386920
0
0
-1859412
0
0
-1302500
0
0
-1075801
0
0
-1695707
0
0
-1392694
0
0
-1410694
0
0
-2006301
0
0
-2036876
0
0
-1397549
0
0
-3115258
0
0
-2950015
0
0
-4378321
0
0
-4968017
0
0
-2884571
0
0
-2518907
0
0
-1817511
0
0
-4923073
0
0
-4625433
0
0
-4847346
0
0
-2633445
0
0
-5024687
0
0
-4365639
0
0
-3973458
0
0
-4817020
0
0
-6810847
0
0
-4714757
0
0
-5215812
0
0
-5581173
0
0
-5944301
0
0
-5902896
0
0
-5850794
0
0
-5567602
0
0
-5663701
0
0
-6005035
0
0
-5554195
0
0
-6005597
0
0
-7640229
0
0
-7841683
0
0
-5868626
0
0
-6148954
0
0
-8423910
0
0
-8820579
0
0
-10069499
0
0
-9362038
0
0
-9048932
0
0
-8923396
0
0
-10548835
0
0
-11761790
0
0
-16161209
0
0
-14471706
0
0
-10129260
0
0
-10998632
0
0
-12222758
0
0
-11894067
0
0
-13275951
0
0
-12912862
0
0
-13468176
0
0
-14203210
0
0
-14946716
0
0
-16556742
0
0
-19077517
0
0
-9650952
