-793259
0
0
0
-270738
-8190
-44786
1260767
-427893
0
-219
0
0
0
0
-27604
596547
0
0
0
0
2318
0
-666999
0
-29
-300478
400
0
1706628
130841
0
336197
0
0
0
2057902
-743443
44425
-294210
-358196
0
3923
0
0
0
0
-5697
-706996
0
0
0
0
-52
0
-868376
0
174
-165884
418
0
1040677
82711
0
1757888
0
0
0
2726079
-387906
-95773
2274748
-94413
0
1780
0
0
0
0
-21001
-281458
0
0
0
0
3023
0
1230368
0
-18
-200576
295
0
2411980
16661
0
1472133
0
0
0
1699563
56364
95581
1393534
183269
0
4886
0
0
0
0
-43820
118573
0
0
0
0
5494
0
771795
0
-137
-87738
257
0
2918239
-39250
0
1755596
0
0
0
2023918
149158
-10399
354729
170325
0
1839
0
0
0
0
-46197
-506910
0
0
0
0
-272
0
776749
0
43
-32391
333
0
1790501
613157
0
2113384
0
0
0
1655235
421208
83743
1336279
351476
0
1278
0
0
0
0
-56260
-466880
0
0
0
0
-112
0
702388
0
6
-82722
311
0
774097
115691
0
1130825
0
0
0
1798295
655019
1499
1668051
442306
0
1879
0
0
0
0
-50431
-375360
0
0
0
0
4284
0
123701
0
-39
38430
287
0
93287
-22151
0
1038142
0
0
0
2077292
461371
-18021
1242374
1201615
0
4512
0
0
0
0
-53091
-109498
0
0
0
0
6258
0
-85257
0
-33
98725
275
0
27457
75743
0
1014758
0
0
0
2252181
542997
111885
740660
238947
0
6745
0
0
0
0
-50072
-267308
0
0
0
0
4612
0
-73262
0
-22
82068
200
0
-19591
29494
0
743159
0
0
0
1974038
578946
95292
1113612
48947
0
8205
0
0
0
0
-56066
-142539
0
0
0
0
3996
0
296395
0
-75
69608
232
0
-81426
-5440
0
707457
0
0
0
1626192
604686
58652
880326
22625
0
8554
0
0
0
0
-45512
168123
0
0
0
0
5113
0
167930
0
-116
109628
209
0
-168273
46736
0
557913
0
0
0
1442854
649441
3888
589734
30489
0
6926
0
0
0
0
-63252
446868
0
0
0
0
6459
0
-540402
0
-95
77831
151
0
442774
-52279
0
777691
0
0
0
2024582
762009
96074
138628
-80510
0
7791
0
0
0
0
-47837
277110
0
0
0
0
6331
0
-556065
0
-80
44968
85
0
1012366
30918
0
1076801
0
0
0
1637343
895178
97292
688402
-139436
0
6590
0
0
0
0
-23042
94334
0
0
0
0
6442
0
-660537
0
-94
20719
84
0
969499
-26710
0
1022278
0
0
0
1063564
987397
17773
855821
15548
0
6986
0
0
0
0
-27874
33367
0
0
0
0
6504
0
-864750
0
-112
33289
177
0
715650
-151825
0
798537
0
0
0
439445
927131
-29446
-52391
212302
0
8158
0
0
0
0
-34994
729
0
0
0
0
8153
0
-1412723
0
-88
30156
229
0
953977
-54752
0
962539
0
0
0
1791473
941067
-5442
-14086
64486
0
7817
0
0
0
0
-56281
-53418
0
0
0
0
7406
0
-1394867
0
-38
2088
237
0
1436786
189727
0
1384820
0
0
0
1954565
1037371
92886
602987
-313703
0
6480
0
0
0
0
-50714
-127245
0
0
0
0
5574
0
-557516
0
-32
18193
222
0
1113126
90099
0
1401375
0
0
0
1274506
999921
55568
1308252
-107644
0
5063
0
0
0
0
-51021
387451
0
0
0
0
5130
0
-86856
0
-64
65510
227
0
830099
-230548
0
822859
0
0
0
359077
1103972
-14714
29335
222719
0
4462
0
0
0
0
-44174
120308
0
0
0
0
9539
0
-818124
0
-86
-24369
247
0
1332479
-179885
0
862466
0
0
0
807285
1397921
-44359
369207
-83391
0
5814
0
0
0
0
-59178
154261
0
0
0
0
9753
0
-1202335
0
-28
-144757
241
0
1521438
201275
0
1155625
0
0
0
1843209
1366403
2643
970722
-639540
0
7023
0
0
0
0
-69345
-79803
0
0
0
0
5927
0
-848043
0
-29
-97300
195
0
1332399
-100623
0
1063510
0
0
0
1347482
1333466
-41352
959278
-202515
0
6521
0
0
0
0
-48203
161016
0
0
0
0
4925
0
-706565
0
-94
11970
198
0
1060507
-349319
0
95893
0
0
0
2209224
1286639
-78300
310706
776843
0
4781
0
0
0
0
-75377
383842
0
0
0
0
5901
0
-1054281
0
-48
-15100
218
0
1311553
-16792
0
-130993
0
0
0
2165780
1280770
-6758
109837
45976
0
3524
0
0
0
0
-85703
180770
0
0
0
0
6042
0
-1005510
0
-27
-94628
194
0
1130467
275417
0
72442
0
0
0
1644517
690878
27534
1068307
-1140811
0
3558
0
0
0
0
-43370
-25455
0
0
0
0
5505
0
-664081
0
-38
-88182
120
0
878893
7477
0
-395864
0
0
0
1710929
775304
-51051
873953
-368865
0
4570
0
0
0
0
-45014
-685406
0
0
0
0
5112
0
-647636
0
-130
-30805
106
0
843441
-101320
0
-1249363
0
0
0
-280494
957947
-30414
1398746
-12594
0
4316
0
0
0
0
-20747
-722579
0
0
0
0
8283
0
-1331195
0
-135
-18711
67
0
1128286
-171172
0
-1448677
0
0
0
-599843
1038872
-36347
1928070
-727925
0
3616
0
0
0
0
-16316
362674
0
0
0
0
12135
0
-1240371
0
-78
-31232
90
0
1052338
-174732
0
-1466142
0
0
0
900694
751653
-79234
1099678
-1057057
0
4993
0
0
0
0
-29566
552137
0
0
0
0
6166
0
-575174
0
-61
-76855
97
0
1147596
-298615
0
-1889101
0
0
0
493560
679608
-53479
756538
-277508
0
1368
0
0
0
0
-55959
474183
0
0
0
0
3495
0
-710432
0
-142
-119006
104
0
1972488
-165406
0
-3078130
0
0
0
-2075996
735111
-58892
1980651
14660
0
671
0
0
0
0
-33238
-57686
0
0
0
0
7077
0
-777849
0
-16
-102859
221
0
1796231
328679
0
-1186223
0
0
0
2602676
493704
-43451
2077575
481393
0
392
0
0
0
0
-91112
-207188
0
0
0
0
430
0
-697761
0
19
-129786
403
0
640300
38316
0
