-940063
0
-32637
-3204
1041788
0
-75074
0
-208
0
746229
505061
426283
-185867
3336
1090380
0
885413
0
-229820
5
-43066
-20720
719349
716466
0
-1591027
543484
1598677
0
-1201820
0
-73
0
550168
103984
-391670
-259002
-711465
1681931
0
-1304784
0
-1714929
68
-1440722
-1368824
-1120285
-406434
0
1461623
915275
858140
0
3436549
0
-393
0
-953785
2516406
-1373168
-397949
-311010
2333345
0
-819585
0
1716529
-85
-2004739
2454872
-2587212
-938630
0
-1097171
4037110
2547838
0
-551749
0
-268
0
-453157
346734
1012607
498959
-1363148
-780497
0
-33940
0
3273321
19
-1494302
-385086
-1140786
-595244
0
-330005
1774587
1472728
0
37617
0
-225
0
322588
-122224
-39221
149698
-438816
-175707
0
-629206
0
1891438
-11
-1992430
461967
-190033
-1133542
0
-714335
1697362
2831599
0
-62890
0
-305
0
-507205
509224
1344943
119567
-1005131
524121
0
-429871
0
1220776
-2
-1753912
305851
-393828
-1610417
0
-478981
1386407
2497495
0
668948
0
-471
0
-58074
1154166
1624897
100769
-1077082
1570087
0
-118675
0
975315
-2
-1561488
446776
-1179652
-1486223
0
-485144
1522688
1991868
0
-37824
0
-446
0
-88959
1385964
1123958
199240
-1150283
1911293
0
20860
0
573131
18
-1266768
-199272
-1333955
-826381
0
-642795
1547432
1601134
0
94294
0
-351
0
682486
797216
558615
282164
-507735
1511421
0
-93515
0
830979
19
-1666435
171078
-1077192
-998646
0
-396847
1787983
1544341
0
431971
0
-388
0
389892
909116
667365
182964
-614853
1363289
0
-200005
0
989198
14
-1683724
117229
-844325
-710972
0
-581138
1691430
1965777
0
148277
0
-257
0
368055
653545
949473
207620
-391595
1063701
0
75571
0
1049450
8
-1479186
-6486
-689341
-745055
0
-536275
1964071
2053320
0
299500
0
-279
0
401172
300016
1221501
274663
-407990
588708
0
131655
0
947783
5
-1268536
-172244
-524460
-414768
0
-511159
1989814
1693629
0
192393
0
-167
0
737274
-304235
757001
217146
3623
334853
0
-426341
0
1024781
2
-1944757
177137
-265551
-1024188
0
-415102
1856004
2103077
0
390488
0
-280
0
413193
-492162
1323493
177317
-335849
-19977
0
-515299
0
1121294
-7
-1986393
323462
-47098
-1177413
0
-719127
2063912
2460004
0
317025
0
-331
0
599193
-605762
1765955
172587
-355996
-262344
0
-327801
0
1045615
-4
-1645782
421960
-187921
-1003304
0
-585505
2626253
2218120
0
124570
0
-247
0
278865
-485119
1499971
286897
-534282
-733603
0
332432
0
1045202
-3
-822380
-18478
-226596
-897568
0
-492409
1120103
1949883
0
-80860
0
-206
0
526192
-405384
1017587
96181
-152882
457430
0
-474144
0
355727
-15
-1788232
665856
-170282
-1191350
0
-353046
1205135
1867656
0
-225930
0
-252
0
776208
-486327
942954
90838
195401
100294
0
-883964
0
1229246
-15
-2299846
1414152
-16584
-1586442
0
-316566
410578
2695623
0
-155656
0
-311
0
-94232
-163582
1730229
-53453
-557867
324603
0
-754419
0
1193090
-7
-2041226
780518
-262195
-1140442
0
-420185
549667
2251258
0
-249647
0
-225
0
375759
-660517
1540127
13915
-276905
25767
0
-170160
0
465987
-2
-1361240
318861
104212
-1923449
0
-240722
1173356
2672242
0
-231378
0
-389
0
198552
-290834
1948598
128833
-477991
110315
0
204698
0
772859
-13
-1121509
1060178
-286266
-2162807
0
-150193
1150082
2504100
0
70312
0
-417
0
555362
-580862
2056024
71254
-175349
44819
0
-931324
0
1272988
-13
-2390490
1572107
-218650
-2563316
0
-181653
1200110
2924384
0
32711
0
-485
0
-302768
-324024
2487908
60658
-1101539
226609
0
-752852
0
991684
0
-2234770
1410323
168419
-2108319
0
-128201
1014662
1965058
0
-48378
0
-376
0
156283
-2559
1787782
127981
-958690
1510235
0
-776469
0
734184
3
-2582042
433141
-286847
-1772565
0
-74780
1135530
1982055
0
83681
0
-356
0
147386
-390979
1375346
264354
-614847
1463568
0
-614267
0
752549
-3
-2661275
950924
316952
-2207808
0
370507
553740
2009464
0
240906
0
-322
0
55311
108430
1424757
189584
-292493
908225
0
-623442
0
760524
-19
-2080682
1870695
-291506
-2640816
0
131998
411303
2245350
0
159450
0
-454
0
102120
18357
1908237
154346
-827527
1174168
0
-780565
0
484543
-8
-2247249
1521127
-233215
-3614835
0
351018
905438
2449838
0
432093
0
-604
0
-302854
1397074
2642362
204899
-1734668
1196218
0
1480352
0
54108
4
544026
714310
-1080519
-3495072
0
214215
931441
2297289
0
345266
0
-636
0
-178588
1783915
2390046
243560
-1508805
1254960
0
2552690
0
-217073
11
1629052
1045430
-611972
-2477443
0
994973
1130733
514148
0
423574
0
-273
0
545139
183127
455167
268844
-36374
493215
0
1026698
0
554921
-4
-310481
1654525
195547
-2311497
0
-39266
1253283
49519
0
592114
0
-417
0
1572772
56443
759280
286511
167328
994616
0
594451
0
779112
31
-1020949
1333563
205428
-3443671
0
518251
1766677
1017022
0
861349
0
-539
0
-67061
1138399
1839284
626726
-1439677
-637679
0
5638334
0
-875729
47
5230764
-25192
284138
-2524002
0
-44898
1177
96186
0
746201
0
-447
0
1092468
782118
871532
58546
-472619
2694472
0
-180127
0
97375
43
-1851350
877287
-1048075
