-948720
-32639
1041788
-75074
-755974
746229
426283
3336
-51788
383078
153662
-20720
1085413
-3204
-1135910
843825
393248
505061
-664176
1090380
885413
-280610
-43066
719349
723064
-1591124
1598677
-1201820
-267298
550168
-391670
-711465
-1377471
-212324
2242331
-1368824
-1839931
543484
-1102780
-523441
47492
103984
-925515
1681931
-1304784
-2093930
-1440722
-1120285
-410177
1461712
858140
3436549
-1431414
-953785
-1373168
-311010
3489586
1534404
-2786621
2454872
857901
915275
1719439
-2015621
-2658440
2516406
-1422028
2333345
-819585
2095883
-2004739
-2587212
-947274
-1097238
2547838
-551749
-977304
-453157
1012607
-1363148
-554722
980761
606990
-385086
3248394
4037110
1344276
-892550
-1793666
346734
1782976
-780497
-33940
3996728
-1494302
-1140786
-600725
-330025
1472728
37617
-819036
322588
-39221
-438816
361250
1098329
-359970
461967
1409337
1774587
416697
-700687
-1781561
-122224
534931
-175707
-629206
2309448
-1992430
-190033
-1143981
-714379
2831599
-62890
-1111166
-507205
1344943
-1005131
64893
1012099
-67024
305851
642527
1697362
644966
-85553
-1434717
509224
427258
524121
-429871
1490569
-1753912
-393828
-1625247
-479010
2497495
668948
-1715737
-58074
1624897
-1077082
982785
1026527
-74934
446776
456562
1386407
1361497
431903
-1454361
1154166
360087
1570087
-118675
1190861
-1561488
-1179652
-1499909
-485174
1991868
-37824
-1625399
-88959
1123958
-1150283
-243651
733195
605141
-199272
907503
1522688
937303
1079358
-405970
1385964
711964
1911293
20860
699794
-1266768
-1333955
-833991
-642834
1601134
94294
-1276465
682486
558615
-507735
274208
708295
623395
171078
-223979
1547432
1474235
915798
-1446031
797216
1008282
1511421
-93515
1014626
-1666435
-1077192
-1007842
-396871
1544341
431971
-1412087
389892
667365
-614853
391613
602879
454260
117229
346213
1787983
1154338
563935
-1385233
909116
653802
1363289
-200005
1207811
-1683724
-844325
-717519
-581173
1965777
148277
-934530
368055
949473
-391595
321659
463547
274146
-6486
-9262
1691430
1193331
508021
-1735091
653545
741906
1063701
75571
1281379
-1479186
-689341
-751916
-536308
2053320
299500
-1015508
401172
1221501
-407990
475382
238355
157024
-172244
124501
1964071
790705
475419
-1326064
300016
981477
588708
131655
1157244
-1268536
-524460
-418588
-511190
1693629
192393
-607206
737274
757001
3623
515646
317486
64641
177137
-398312
1989814
757655
67066
-2142018
-304235
775948
334853
-426341
1251259
-1944757
-265551
-1033620
-415127
2103077
390488
-1021040
413193
1323493
-335849
720345
597815
-240006
323462
-171118
1856004
511883
-155319
-2232226
-492162
633622
-19977
-515299
1369101
-1986393
-47098
-1188256
-719171
2460004
317025
-1206687
599193
1765955
-355996
739876
676683
-124749
421960
148892
2063912
410946
-258164
-2117602
-605762
616721
-262344
-327801
1276697
-1645782
-187921
-1012543
-585541
2218120
124570
-898829
278865
1499971
-534282
389476
472849
-102608
-18478
391372
2626253
447524
-57140
-1644168
-485119
1025197
-733603
332432
1276193
-822380
-226596
-905834
-492439
1949883
-80860
-749079
526192
1017587
-152882
346019
962849
-484977
665856
-757482
1120103
219249
151334
-1843864
-405384
343693
457430
-474144
434343
-1788232
-170282
-1202321
-353068
1867656
-225930
-916180
776208
942954
195401
208794
1319714
-498763
1414152
351402
1205135
122351
-507643
-2108277
-486327
324598
100294
-883964
1500911
-2299846
-16584
-1601051
-316585
2695623
-155656
-1131099
-94232
1730229
-557867
153278
1050027
-221065
780518
853214
410578
-53635
-687147
-1870606
-163582
-191007
324603
-754419
1456764
-2041226
-262195
-1150944
-420211
2251258
-249647
-820113
375759
1540127
-276905
143004
633475
-74139
318861
-59900
549667
-196101
-31100
-1584678
-660517
49722
25767
-170160
568971
-1361240
104212
-1941162
-240737
2672242
-231378
-1416225
198552
1948598
-477991
166840
1216053
-436670
1060178
-145272
1173356
538395
144686
-1882250
-290834
460369
110315
204698
943662
-1121509
-286266
-2182724
-150202
2504100
70312
-1517244
555362
2056024
-175349
537336
1307386
-438898
1572107
47986
1150082
406449
-618171
-2472319
-580862
254620
44819
-931324
1554319
-2390490
-218650
-2586921
-181664
2924384
32711
-1766581
-302768
2487908
-1101539
343821
1371460
-14100
1410323
-246449
1200110
156789
-266987
-2206876
-324024
216753
226609
-752852
1210847
-2234770
168419
-2127734
-128209
1965058
-48378
-1367996
156283
1787782
-958690
243965
982652
107726
433141
-553625
1014662
581962
671547
-2156251
-2559
457327
1510235
-776469
896439
-2582042
-286847
-1788888
-74785
1982055
83681
-1295569
147386
1375346
-614847
196912
948825
-110197
950924
-820048
1135530
558923
1248955
-2156839
-390979
944640
1463568
-614267
918863
-2661275
316952
-2228139
370530
2009464
240906
-1173251
55311
1424757
-292493
427000
1258240
-607572
1870695
-248091
553740
400211
428161
-1207167
108430
677457
908225
-623442
928600
-2080682
-291506
-2665135
132006
2245350
159450
-1654328
102120
1908237
-827527
461915
1343870
-260295
1521127
-382974
411303
259405
633449
-1269500
18357
551538
1174168
-780565
591628
-2247249
-233215
-3648123
351039
2449838
432093
-2199248
-302854
2642362
-1734668
637149
1161514
114720
714310
750605
905438
675621
1526639
16277
1397074
732184
1196218
1480352
66066
544026
-1080519
-3527257
214228
2297289
345266
-2314501
-178588
2390046
-1508805
265036
1288951
356855
1045430
607152
931441
505924
2164026
548955
1783915
870337
1254960
2552690
-265046
1629052
-611972
-2500257
995034
514148
423574
-994443
545139
455167
-36374
213315
949321
-117037
1654525
36888
1130733
123706
1047053
-679808
183127
960685
493215
1026698
677559
-310481
195547
-2333068
-39273
49525
592186
-1518960
1572964
759373
167348
-3372
826054
1009274
1333726
269277
1253436
401594
1299843
-1058242
56450
1023942
994737
594524
951412
-1021074
205453
-3475383
518283
1017022
861349
-1960972
-67061
1839284
-1439677
-124960
169456
1546734
-25192
420285
1766677
94834
3446791
2638288
1138399
2239539
-637679
5638334
-1069266
5230764
284138
-2547245
-44901
96186
746201
-1628086
1092468
871532
-472619
125979
807877
1416771
877287
-605369
1177
909783
1360890
-1571379
782118
209209
2694472
-180127
118895
-1851350
-1048075
