-1389297
1349794
-350925
-1810911
2612606
31454
-2119322
-1677582
-490829
-17336
4308936
13941
953617
-190648
1703771
-3215850
-2515540
2012178
-797297
3825065
1780068
-926771
-917294
1383489
608087
56376
-1994603
811896
783872
2273000
6854423
-532555
938602
-1420981
5201915
5030451
705726
1112867
1980857
896750
-3034152
578166
249892
-4781359
182391
-2144723
-1932414
1654805
524049
565574
558530
5366258
202951
5198600
15004199
-2277312
-654362
-1146382
4420764
1999998
1575737
1729963
1675189
573041
6617390
1278701
-171623
-472983
2487934
-2149151
-1197817
1089177
-387369
-51382
491538
5822690
-1415351
4409404
9891842
-792493
-304769
-432352
2607266
470239
1241303
1627917
2032390
-183299
4350203
2929322
-1834167
1621839
7508023
-1129582
-1986772
786849
975241
-5268
-933084
7404404
-911726
3723808
10389091
-1097566
-558453
-163767
2645439
1955631
1640416
2006276
2178709
85455
4368628
1759691
-834235
-1852269
2568221
-1105152
-1880566
652058
659081
222254
710728
7784324
-1880942
5851552
8825808
349676
-1136757
-841310
948044
313777
1692878
1753868
2234098
664125
1571258
779353
-291638
-2112188
-1842074
-800487
-1127203
461386
897665
201723
1848874
6747008
-1350671
4066417
9880928
49586
225930
-136760
3179377
-2285428
1138961
1654898
1857228
272070
-100120
458038
-175421
-2337572
-3747065
-819208
-1381493
995329
-138975
1814795
1082961
4177929
-913198
2924834
10257806
-240811
942831
-551216
2771197
-3306702
1134055
59905
1853852
-584509
-1049542
976279
-437564
-1034388
-2921866
-1273605
-1289935
330294
886769
187083
-146124
5427332
-1180593
2856788
10192628
481984
579705
-273899
4544030
-443071
859030
623939
1467997
-397863
-737571
333512
-411856
-1541540
-3474579
-1154631
-1592095
625962
455157
167319
362246
4834215
-618419
3198584
8219159
301288
105847
-309294
4648683
-634325
982992
150517
1276090
-595878
-51936
256463
-572460
-1033202
-3149747
-1125085
-1046740
388135
934246
111460
-48625
5035677
-715984
3377936
6382892
290572
193864
-327957
3744459
-670918
678953
62310
1106556
-1124972
-430952
690353
-634066
540531
-2903240
-1248713
-1474308
486397
358445
169463
-400528
4881881
-805286
2966450
5607382
341099
101754
-180455
3736845
-604719
438594
-646759
1678541
-1413155
-2094679
1835655
-887435
2402677
856072
-1404674
-1668580
465809
773936
46749
-1106577
6510195
-1123420
3003108
7587089
547723
208659
-245244
4348919
225104
564018
233179
2374400
-952480
-1875010
2756632
-836275
907801
2962424
-1561762
-1661570
332984
668026
-28976
-56663
7331717
-1410789
4458070
6656692
975578
-475278
-400989
2995047
-114070
570677
337467
2764710
-519911
-2255280
2124166
-845871
-177304
2066676
-1583183
-1668807
414944
904572
24381
688834
7785381
-1233248
4643593
4908638
1166923
-860140
-367366
1368797
-892248
469241
458013
2601804
-371857
-2957921
1821798
-566792
-469331
959850
-1505737
-1553001
555280
738567
103446
-838765
6820954
-1067711
3675190
2313395
1275372
-1060842
-394404
-59813
-682542
554505
-134395
2850617
-316917
-4249302
2036203
-775877
-420901
2642589
-1731734
-1516070
344074
1074480
-23266
-1067727
9451579
-1694458
4210461
7515221
1199114
-56285
-422281
2162320
-222506
715313
-2983
2382408
-472300
-3669573
2692491
-499801
-458307
4733594
-1676348
-1752705
473766
602027
-362443
-238318
10456104
-1307120
6403849
8374146
2022525
-355388
-366463
1885499
735867
1037884
104004
1362643
-191920
-2706857
2066772
-836889
-949667
2056219
-1382033
-1446908
32796
320387
-390269
1291930
8436454
-398993
6666005
6732732
1380559
-583896
648811
708674
-574832
268765
352731
462900
-1047265
-1963371
1705901
-671651
2394057
948002
-1701447
-955840
349067
-68929
-427587
-432395
7412428
-52688
4685733
2224636
839967
-578341
-234292
-790014
-988636
403077
703953
1138700
-455755
-4514120
1648225
-345933
455569
2673035
-1930894
-1324587
300485
495511
-456920
478732
9174548
-945450
5058398
4024470
1006649
-418296
-470769
-176953
-834949
43224
50589
1503011
-1007126
-4815486
2434966
-413733
784230
3839631
-1916671
-1861178
284345
937239
-629401
1073478
11685121
-1741103
6587865
8415141
1401781
-406805
156457
2522390
431056
-529947
398184
1236712
-450
-4765941
1675044
-393949
-861786
2401474
-1947649
-1985158
289601
535864
-593019
1342415
9543442
-770375
5966837
6947002
1480513
-295843
-1012348
904540
-830688
-676253
342920
962954
104410
-4421059
1219779
-637107
587819
1534525
-1664856
-1753834
494690
288475
1627597
298682
6254571
-295747
1106136
10163173
978429
1846295
-798095
3049837
-4076151
-729085
461919
1270642
-903957
-4892127
1984201
-154709
2805642
3828779
-1862763
-959798
144915
169072
759416
-268396
5545778
-360346
881674
9381110
1577299
1263502
-616025
3967551
-1717637
-737721
91343
1893431
-860313
-3776178
2149797
-278806
1328893
2239792
-1628378
-546800
215708
61772
-125752
230667
5926094
352307
2185254
7478917
309953
-98099
-552590
5900946
1766202
-525889
881245
2214964
-75989
-2760169
1427265
236526
-470639
357539
-1738216
-729085
246443
347467
978064
349321
3632676
757603
830382
7405361
269681
649890
-419008
5772298
-831032
-51624
1230099
2507440
1955818
-3034940
356139
100815
-4892419
-1143742
-1866347
-650914
338341
471604
2362140
2362261
-53972
1838569
-1420498
-1219572
333189
-30632
-460811
2550700
-3493716
-159474
888517
2678750
2362395
-4194289
527633
-180629
-5123268
654367
-2291641
-817473
264425
332076
1695795
3276151
488912
1896493
-957096
-3740086
432558
-176578
-498411
3015479
-2205715
-218515
-128066
2277427
-1203720
-3827299
1631755
-507583
2941067
2241770
-1890366
-901546
261310
36081
1663131
216157
724160
2157644
-1111667
3967517
194212
482681
-519484
7767064
-338885
-396682
765262
1945002
-1298685
-2255847
2274103
-629601
4640102
2226091
-1710760
-930045
424417
-127022
3410211
-101777
-2435443
2195085
-3140944
1881233
-262802
1018877
-73227
6974388
-1684498
294671
424341
1654644
-1016798
-1973187
3136220
285238
3383446
6136639
-1809741
-1876018
141774
15369
5320002
2940737
-10042860
3116550
-5821709
-18962206
-453283
165586
461251
3079660
-3982975
8863
64983
1721206
58027
-1608215
2529375
-332793
-715386
3274479
-2067639
-1278553
196725
-33270
5126246
1723813
-1163888
1266206
-2588054
13991952
-774406
3629755
-519062
7633503
-3835582
35027
213477
1475989
342703
-2639148
735472
-30395
-1398151
-537127
-1301161
-2453994
296076
