-1701641
494846
4279697
314543
1009771
-328004
45514
1836466
133280
902904
-4228031
-887126
430840
2032160
1791551
-108696
2974491
430014
779704
2022396
-1451776
230443
4320364
260942
2280956
-1848756
692001
621333
2755214
-1242305
-1384276
-6139324
-1026039
1780251
-429703
152446
-2726761
321228
-433213
-206965
1369078
3629959
527019
-555760
-591544
1432000
-2231990
70318
-361385
-480219
3959954
-905409
597608
-4368529
1749656
-19088818
1851344
3103963
-2926740
1951266
-1696579
2517879
168005
-1203122
72627
2347972
1314573
-5133027
-438916
1110769
8090881
3701349
-478984
5405553
4714483
-193882
2031439
-2641119
1048874
-9053796
4257479
-984519
-3182220
489460
-2973706
7285221
-1579179
-551461
3382150
-1076443
818619
-2369505
-429794
998212
7026739
2425741
-1816044
4306096
3514065
216458
1264178
-1308869
1232545
-9024889
1405924
-1247493
-2103662
-437568
-1475232
3885601
-246904
57081
4799252
297002
2050116
-1223375
-395755
1378408
4793044
1286595
-1434024
6818281
4199822
-341483
1210303
-740373
2689331
-8345910
3833174
-2091755
-3563796
-301865
-3545487
5745496
7208
-542374
5049682
-1321424
1925667
-1883001
-555341
427942
9664586
231108
-1307481
7000277
5200060
-1117576
1047552
-983083
3480898
-11414922
4450411
-1019555
-4485266
-356389
-4213453
4523274
405771
-1290605
5112134
-914757
2366961
-2558872
-854339
348779
12414587
681725
-518821
2698893
3620053
-1480578
639123
-1249484
2279955
-11420912
4459187
424789
-3237543
75058
-4364053
2992110
-594158
-1781591
3193317
1142353
1567646
-2438443
-508782
354563
8471234
888525
-1034484
2167865
2672895
-977317
753316
-1362232
957560
-12072217
2484969
440905
-2194788
-273776
-3427645
2653987
-366956
-1358210
3543322
1434016
2223743
-1539473
-434200
434185
4921818
1180786
-1152294
2384516
2864617
-939592
627732
-938738
1479312
-12919783
2881616
222106
-2333004
-380970
-3513207
3160020
-568396
-1410600
3403882
1533390
2290434
-1372458
-786765
516372
6144605
1043919
-1165781
3364455
3236827
-839987
995719
-533992
1227916
-11258617
2122974
-344657
-2273753
-118912
-3647427
3334429
-725019
-1233096
3628693
406891
2421699
-467320
-1025113
583295
5384921
965554
-2191379
4341796
3475592
-655103
935970
-60059
1756965
-8523840
2014040
-794614
-2643663
-325057
-3092165
3873724
-816104
-1145391
4481343
-682837
3159647
230606
-1175881
422748
5954802
899930
-2511756
4664182
3150457
-87347
838927
-17330
1225601
-10255122
798429
-922796
-2240324
-1053656
-1642124
3893934
-942830
-573637
5068502
247575
3404081
552075
-1325569
579231
3978759
818265
-3453748
7550303
4512555
8267
733097
466733
2548198
-10373382
1770864
-1763065
-3682274
-1458544
-1933477
5561857
-739059
-478095
6879762
-2213154
3940755
240803
-1078681
445466
8059936
253893
-3965828
9003854
5269517
2881
1173548
842649
2598086
-6981013
2125667
-1742923
-3884928
-1429129
-2349575
6080770
-670397
-442408
8052285
-4499974
4351405
349966
-1394249
411632
9514776
-26733
-3191678
7121012
4761281
-296349
935642
650527
1912148
-2297171
1990471
-1467701
-2984210
-913299
-2079630
4789934
-1497834
-536252
6588469
-5249586
3987748
665539
-1117642
435926
7939581
261517
-3008913
7437471
4443946
-180318
792176
1103433
1557822
-8087681
1452667
-1236474
-2762111
-1287771
-1875799
5156350
-235117
-390162
5940821
-1669425
3766162
336578
-1095312
259659
6841917
-56990
-4056692
6960175
4726613
200437
527708
220735
1999500
-9856340
1980508
-1066601
-3584169
-1488666
-1795326
6866862
-21650
-47911
6410442
-1751753
4302729
448012
-535430
193759
7904011
-419879
-2953591
8669497
5695596
-459383
484575
215993
2723753
-9146799
2677326
-1422591
-5260119
-1641545
-2567250
6507350
35682
-614052
6167307
-3216560
3921283
-371194
-432962
-365547
12651722
700050
-3132267
8223072
5089151
-615182
745022
1986137
2025625
-4006140
1435935
-1349458
-4070797
-1173967
-1861362
5329484
137263
-392884
6574481
-3630843
4029115
984533
-478681
-273405
9015511
-1270275
-3470769
10937892
7187664
-868651
521749
1594666
2849931
-3013371
2880758
-1472481
-4974632
-1043419
-2139304
6481586
-649208
-437575
6454742
-6607203
4439754
-286155
-566364
-403151
13322822
1010442
-4655593
13752741
7481349
-105451
415727
548496
2620705
-9264652
3036352
-2397974
-6224325
-1838987
-1944895
9273899
187068
-158152
7551079
-4356316
4460347
-256717
-520048
-405143
15192591
539850
-3470811
13241447
7428621
-537314
439634
2453154
2436455
-7580054
4160451
-2820535
-6681384
-2095506
-2392274
9883084
-592254
-430635
6798272
-5856263
3866494
-1820789
-1071838
-422598
17115191
-2354138
-2886646
8046672
5397126
-1315718
145200
1048530
2398110
-11665310
2949439
-1200674
-5591751
-1022448
-1907956
7254362
-559633
-1350621
5078533
146601
3231534
-1065883
-589104
-302708
11284702
629148
-2437353
7513929
5695103
-1227826
140969
1423153
2922165
-10944569
1915097
-991582
-5996888
-1156413
-1124965
6600503
-329866
-836778
5392879
525370
3288215
-752194
-1213489
-226305
10501677
-2040984
-3608452
9559405
6055188
-840370
-229467
119037
3398673
-8667448
2842344
-1635120
-5804943
-871678
-987881
8193802
871744
-397494
5497304
-2584991
3601471
-786132
-784428
-176575
11502539
1287686
-3000801
11274679
7333488
-853222
-28938
644472
3855554
-8410435
3142807
-1915250
-6959841
-1576531
-1224796
8115316
1057935
-732622
6000464
-2998307
3479252
-1568337
-742518
-249458
13324658
-1940436
-2538282
9031790
8316613
-1479616
-460342
870932
4894439
1846434
5333602
-743339
-7838840
-114461
-2134987
5473359
89965
-2164329
4664176
-7612423
3076172
-2376946
-1142652
-428278
17340931
601198
-1208355
7084478
7244702
-1962188
-279636
2312923
4944594
7577919
5932819
289629
-8672146
1066847
-1807216
3446560
525533
-2218498
4252711
-10405675
2297815
-2142525
-991954
-106959
16926968
-28945
-2880036
4438884
5519951
-618802
-1359158
1786175
3058727
171482
3008636
359278
-5391033
153113
-229311
3814647
-388856
-570624
4107636
-3404335
2652179
-270924
-1750440
-127146
11995593
-540191
-2338616
5588336
4619745
-617096
-153146
1313053
3077473
-5399559
2919356
-166376
-6772801
-58973
-922647
4225361
-460842
-721947
4620252
-1112290
1860608
446235
-962312
264671
9046350
492022
-1945229
747759
5714412
-1942264
-899708
6114959
4598721
43415312
4740554
2159929
-5404515
2471459
-1783684
-3144274
-32945
-1243955
3814826
-13726517
1372603
609880
-1338257
850904
12373502
-1934241
-1131893
2977188
4472635
-1581498
-231727
-861317
1579639
-17432973
4383583
853983
-4174082
10728
-1410319
3102877
443768
-2045461
3909052
1331927
839274
-1403258
295883
-214764
7023839
616650
