2979035
3505900
8548661
3405686
1918078
11664630
30305801
10050394
9645877
7620040
13788645
3092209
469661
4356587
10515472
9150765
8148764
9201305
10046708
2444857
303237
3459227
9266660
8106260
6681463
9563871
10687865
5450450
312222
3189842
8419611
9415309
5981911
9404196
10768139
6655592
3973067
7114257
10027989
10846588
10424372
13091350
15131903
4630307
274606
3789909
11452924
10285366
9265225
12003599
15385979
13773104
11555837
13178094
16600272
14567936
12536958
12957870
11609084
3388296
287336
3098706
8714528
11649324
5862861
