25801
-4000755
1859076
-170449
5331211
2262118
6939030
1301729
502543
-2605730
4731705
-3246191
3699002
4101257
3113495
2361596
5560851
203855
-4874194
-997596
-1697123
-854237
1908917
-1357537
-7528153
-15741551
922302
582251
10220916
6682925
-495369
-1092366
-380573
-445309
199073
-2360199
3654642
7896277
-404399
-55922
-1298418
170449
-2279082
61530
-767343
-380221
4339845
-609021
-4299196
-4586892
-74404
473896
-16397
1432174
2087309
-467410
325535
-602304
1006992
-1238019
10792924
-2892705
1368438
-1543239
16235053
2304037
-2613397
5539005
-14061992
631753
-442841
-1933414
-29442170
1274789
7770618
1857014
22808752
1413699
3561809
3461653
291537
-1929022
4661845
233951
14450188
-6007768
12346036
2111876
8856723
1331212
-2423544
2271415
-4914235
1098391
-2120049
-1498593
-12929621
143233
7561431
3107427
15408987
3975878
374006
2000275
232808
-1884999
5102570
-1882442
9183592
-5451415
13460266
4523469
7934059
-1034725
585868
8368643
-2006580
417322
-2260316
-2633025
-12287188
1617469
14147103
2520577
14764462
3599374
-17150
4639932
-53483
-1891995
5932354
330206
5010710
-3684520
15387771
3466364
-1824841
304644
34128
-2721993
-210168
-120243
268846
-1964980
-1184844
-1695613
147136
-117785
1189738
1631065
-153711
265060
-215877
-1258511
3605097
-996653
6793860
-1894103
4160835
-500536
11778109
1061036
-427092
5280394
-4119621
-548678
128636
-1711581
-9202235
-235205
12685751
1304667
15498068
2805396
93558
3368784
-160688
-1555272
4435594
-733547
9309587
-3547284
17080931
2093129
8849393
95401
-348998
1684465
-3742692
-738897
-990986
-2652952
-8022136
-369623
11520440
1353267
13765886
3540413
-338348
2879327
-103773
-1475157
5551685
224283
9907873
-3230194
15618256
1990026
9528375
-120803
-464641
3133089
-5069774
-970518
-853031
-2619742
-8384489
-538042
12639483
1248508
15563064
3214182
16547
2886809
-182182
-1484736
5129343
-587964
5866017
-2521436
13747803
2024951
-260212
924577
-16491
-739208
-561370
-806813
1182607
-1867269
-1816434
-1957279
2046198
-149643
2890948
1907846
731679
302134
-78466
-1806108
2585143
-969168
6063899
-2507901
6465911
15494
9147923
1027355
-88747
5923935
-752667
-1224304
40941
-2204374
-6895131
-171503
14022028
1656943
12642701
3478437
-710177
3761852
-317993
-1643296
5577227
-784625
6416012
-3897364
19863348
2331366
5867873
-531355
973912
2836455
2844479
-1725097
-768947
-2914537
-4168150
-104214
13292074
1749010
10082398
4264269
-386864
2859423
151568
-1974055
5133691
43378
5820997
-4387384
19618417
2792518
6175273
-791814
766575
8454700
3253584
-1805655
-767655
-2709447
-5726222
1167987
16907497
2527816
10523800
4183827
-486003
5003632
42047
-1759239
4945251
-384622
4293217
-3614949
19204006
3905356
206940
-53772
1075296
-922485
429386
-1913864
819223
-2196190
-1686420
-843576
3068915
383385
2230371
2296828
-305443
1686500
132443
-1638432
3522782
-1107166
3899558
-3264220
8146841
619041
6962862
201830
238379
6478430
3815532
-1743658
-521097
-2787009
-4552259
377685
14743220
1887768
10553875
4095902
-430689
6171773
575080
-1764463
5547574
-430013
4579995
-3959295
20575252
3245807
6031684
-1198558
619649
3783405
3973621
-1936326
-441561
-3067856
-4941526
-62782
12166958
1610481
9810264
4487645
-138805
4463705
485620
-1729137
4208949
-991978
5084336
-3734827
17617796
3317795
7838040
-1425952
945285
7362124
4320525
-1583707
-1011765
-3097985
-3387590
455391
16119810
4161431
10593427
3089190
-1511707
2935665
-76340
-1468060
5011516
-1060841
2310724
-5026681
16227437
3311217
5913010
46078
2319199
5481467
2931542
-2044748
-360479
-2494142
-4149247
77530
10699630
1158682
7530873
3417955
-576937
3855649
64012
-1670858
4039869
-305094
2418038
-4964347
13655841
1326359
10394859
488876
1636498
7593742
4413219
-1660431
-1265477
-2860061
-4476993
725434
14914523
2282938
12171556
3965365
-1259413
5960073
15331
-1456582
3825035
-1550978
2779965
-5480294
19056041
3746421
8589555
-308079
2160405
6794655
4896826
-1714663
-1432059
-3013073
-3383060
1009215
15558264
3032662
11600783
3918871
-1028925
4800452
99083
-1481321
5386992
-743905
4098678
-5119140
19439367
4064165
8984660
30837
2757528
10620559
5513357
-1630282
-1525143
-2274012
-5267339
1666127
18694435
3630062
12068271
4684506
-1558679
8677374
86733
-1994744
4854442
-384248
1973344
-3697552
16509035
4656924
-757456
188884
1762278
-1100426
-64848
-1175725
362127
-3005916
-1131835
-814689
1066182
219908
1381710
2920978
-204630
379634
-136703
-1771980
2516382
-1000605
1324364
-2879188
4801494
263809
10463372
1033690
1042653
9063544
3783078
-1349089
-813691
-1773982
-2455426
720852
16908485
2727155
11882893
3468692
-975869
5534064
363380
-2132016
5503583
-496621
2280782
-3830109
18046524
3006006
9254407
496925
1893227
6995939
4265339
-1683484
-1294108
-2916360
-3395738
940396
14420809
2756304
11358372
3838745
-556629
4799217
142800
-2293139
5120178
-469532
1438772
-3396870
17088762
3460544
9548186
620897
1939365
10036948
6333651
-2033218
-1140759
-2087820
-3218613
865785
19393722
4236458
11888451
3960408
-894197
7579996
392230
-2566680
5572275
122478
1763257
-3444767
19399698
4576991
9235093
44915
2305337
9940950
4853049
-1866662
-1504924
-2927119
-3121636
856195
16758533
3127043
11029105
3200351
-515779
6866881
560437
-2462487
5281922
1469859
1662420
-2892837
18686006
3441133
10333186
667496
1895007
9604072
5036463
-2024810
-1097076
-2667598
-2382951
1443096
19039083
3204452
14052891
3661771
-1063567
9017393
544344
-2318004
4531487
-302232
834580
-3013549
21737840
3551139
9672270
481799
2437319
6861770
6081743
-1896318
-1025868
-2528912
-1435670
645700
16878532
2805454
12898819
3764150
-1128310
5921923
535150
-2486723
3934056
-807799
-33506
-2592702
19370664
3239607
10488338
465056
2471492
4980846
7103214
-2046941
-922253
-1993168
65219
403689
14918666
3253541
13478201
3695404
-1418987
4763817
1032092
-2346249
3848028
-962496
-346270
-1880976
14284933
3456274
-231349
755670
1933074
150678
1075281
-1863173
372490
-2411809
-870535
-681990
1191689
570394
2193074
3192845
-191572
892504
415988
-2043465
2477514
-756652
-496727
1472498
4924814
274138
10426258
801486
940542
-2035414
6103930
-2064112
61281
-1689898
302864
-10255462
13594333
2588541
13768084
4095794
-352792
-958236
1198740
-1913924
1747928
-1516342
-1074030
1171366
20441753
3868005
1880962
627216
841662
4749160
10280982
-2758184
-385484
-1940359
2831642
-2050594
12093893
1691705
7409252
1624894
-3158792
4763319
2548182
-1556099
2343158
1406556
