40921
-859103
110109
-389331
1390175
-712729
-120735
-946528
2518716
4127133
-2406338
2015643
2010173
1071891
683035
-4178398
478370
2451233
-107244
248396
-926766
-835413
3404675
1240939
-719842
-4464710
-2546336
2280465
4117066
-7285885
413781
-1065504
-384147
639316
1045925
1561976
-270175
2587001
2649322
-1381932
-1119765
4281235
-1125132
-930718
-11900
158368
2100209
1004058
-420873
11165
-883862
3714709
728030
-2089950
313334
-1340899
59530
1131653
-76603
1137240
-296694
-2444273
3438488
-7931281
2168068
2636433
-1650175
-1181952
-207558
361147
4559789
5408098
12288293
7877234
-9687266
743450
5560326
-6264927
-658344
214502
604256
1132252
-857867
925960
1573354
-4835723
550408
-8643806
1686561
1896613
-325687
-1295780
-1660532
-850567
2459425
2798015
6916031
2305501
-5052528
-3153600
4032455
-3430583
-831185
261659
653732
1175537
366740
1421442
4034274
-3059536
-2080023
-6695214
1651772
483268
-596540
306413
-2273645
-1017235
-711918
3312262
8925689
2837063
-6154791
-4682291
4009098
-2346189
-1377642
1151897
-50127
-114434
539221
933037
3265925
-2119136
-2804709
-2797584
571314
234067
501531
-1899485
-52673
1029939
1099601
1243256
-500081
259253
386137
1445976
506613
-228766
-401267
-354321
244076
721021
1032340
1054394
1237257
-1075601
1411765
-5659477
1679585
1963623
-573805
343928
-1056550
-318034
1098894
2925524
7753350
2135717
-4999383
-4659971
3816517
-1802318
-934706
559012
-42511
268144
491682
1270668
4766114
-2434196
-1884019
-8117103
1838762
1817750
363869
-249346
-619915
437859
1388354
2771615
6604390
1489140
-4283001
-4414695
3562236
-1723801
-1232737
400187
87768
106328
916639
816089
4412685
-2347251
-1366231
-8249980
1770661
2079989
155268
240638
-654863
306899
1588205
3206250
7413628
1710360
-4718844
-4994134
3857175
-1749459
-1127394
275957
216758
462639
652714
1161091
2582375
-1858570
-1614527
-3467623
596012
1107735
250266
-840563
-84282
797669
983508
1430808
403551
261107
-234061
644015
943010
-430487
237940
217585
112262
706955
636823
1009238
1626460
-1264224
515737
-4901998
1517826
1509857
-122703
1417143
-1544152
-718721
-113521
2338221
7056090
1216238
-4609504
-5046562
3441953
-1387335
-1357086
732031
86961
210523
833360
1312612
5824973
-1770528
-3468633
-6392702
1650953
1112658
1020842
1313740
-1413265
-220392
-1130581
1407632
5606835
225278
-3541376
-5219546
2990042
-878186
-839916
1023025
-51010
-28245
859628
770677
6020591
-1768944
-3794115
-6139986
1743524
701878
307415
2909870
-2568309
-1563724
-2062089
1865990
7469361
846695
-4897056
-6111022
3252925
-924623
-1215083
1310341
-415018
-333683
482758
1226359
5173202
-1844003
-4093111
-4097727
1056909
137822
1017745
141467
24171
1029529
312541
1234982
713410
295152
-382162
61464
891136
-207275
-372913
480447
-100674
315677
765247
1131546
2422400
-866069
-799267
-3399794
1372591
731150
482604
2491881
-2343749
-1357071
-1683068
1514430
6366316
505839
-4005096
-5673275
3096072
-778055
-1544226
1525542
-494317
-455663
132805
1248187
6804037
-1294305
-4490928
-5955186
1772717
502927
932191
1896875
-1711783
-589640
-1457316
1266869
5269226
354227
-3406598
-4661073
2965783
-1078549
-909329
1145882
-414811
-106600
185842
1316090
6239151
-1211323
-3727118
-6155483
1819680
615195
474321
2446646
-2501469
-1328288
-2333210
1670377
7325051
185949
-4761216
-6644292
3067488
-949424
-1167032
636261
-127363
17706
1149978
1253450
5358564
-1583577
-4018065
-4319600
1958023
-733792
743794
1952590
-1517757
-343048
-2034274
1556706
4491628
665731
-2849225
-3395404
2317470
-612721
-797822
1132842
-540180
-395086
677625
1074695
4871112
-1232745
-2870535
-5087193
2436362
-246372
602034
2493822
-2514407
-1292203
-2642398
1612057
6871282
606992
-4140806
-6464672
3312426
-732559
-1215678
1460902
-893900
-607056
396303
1792913
6771808
-1722721
-4819484
-5914464
2461107
-750230
829606
2273663
-2341467
-995793
-2880155
1483630
6948385
292087
-4156991
-7025326
3208003
-568264
-1502800
977190
-312940
-227745
659926
1324761
6715804
-2100637
-4546979
-6882366
2500542
-441195
378023
3149455
-3152231
-1929169
-3824828
1540694
8351970
511824
-5370442
-7769406
3636300
-979193
-1607085
2773820
-1365479
-1520142
300738
1567360
4667664
-1598796
-4242007
-2607697
1011405
-790218
773679
-957605
313716
1671847
8492
1751648
-392128
-46151
399096
430246
722456
-172845
200830
447555
-138713
345026
1006526
1005595
2274250
-303545
-509737
-3324642
1956160
124830
98552
2683303
-2901569
-1996723
-2309595
1522649
7276777
228832
-4250091
-7441060
3194631
-243947
-1289130
1886737
-477604
-522667
531027
1185139
6527136
-1240318
-4229069
-6285487
2494795
-251040
702098
2287062
-2318750
-1041522
-2612816
1608353
6514197
358327
-3838600
-6580294
3096988
-540319
-979089
1821933
-333296
-307929
547905
1147951
6559522
-1042965
-4291283
-6160954
2553843
-490159
566256
3690509
-3291890
-2260431
-3554955
1125166
8358115
-55363
-5336769
-8270839
3506879
-806286
-1342514
2916718
-923739
-1169660
277937
1137916
7536850
-1152280
-5128329
-6730403
2577371
-597295
498099
3197795
-2896689
-1625629
-3430636
1816446
7377984
424235
-4514468
-6919456
3073687
-444291
-1106757
2784772
-1095319
-1504150
390534
540970
7211780
-938349
-4550920
-7006368
2698574
-215643
501713
3372702
-2888599
-1755438
-3193673
1596154
8464122
312056
-4782628
-9070636
3609818
-78359
-1341959
3191894
-1491618
-1614226
-58850
1459784
8258077
-763399
-5548884
-7064052
2782639
-360526
878132
2521782
-2440964
-1188543
-3228666
1019172
7172582
-131884
-3964669
-8248277
3336279
-87886
-659653
2664655
-1040692
-990802
397667
1280062
7850068
-335984
-5122297
-6581719
2789423
-412156
1268449
2365362
-2334345
-1155362
-3114018
344295
6451361
-593732
-3263893
-8586286
3272526
6705
-528616
2345045
-983253
-893299
532689
1090654
4383498
-461555
-3760412
-1890466
1000654
-544653
1040554
240492
-156540
1019638
-444900
1338407
-249534
-220725
393220
-187026
882467
-200930
322544
958566
-372946
33198
817580
815047
3348912
1539205
-605675
-3806797
1698403
1167380
1843598
819685
-1054981
-62247
-963396
-429831
4292648
-3934631
-3800691
-5572152
4073727
-3382078
755299
506462
-287325
348317
819259
718409
7381066
644495
-5234906
-4587330
1415386
400468
1614683
3720455
-3033263
-2157217
-3225674
-605935
3884097
-1015778
-1937306
-5071219
1871716
496294
-262823
2694369
-2616318
-3016486
1069229
-132481
