1478376
4700938
7939389
5643524
8872873
4480790
736467
-1617578
-271878
2885586
-103231
-582090
3604522
-572024
13712866
334205
-1561065
-149542
5862541
-907000
-2046442
-1667790
16287
-582692
2199168
-3135657
-3580601
1491882
-390898
-1258531
745255
984571
408560
1564722
2571051
783910
17439048
10907144
37044262
3358510
-23271478
3669354
-1228209
-3073041
152824
7518385
8386
1884441
7868011
7992452
27686700
36897
-9049580
5029332
-1000112
-6397540
-1176876
5040672
1192011
44306
7561937
20121009
20311897
-172119
-3542009
5465082
-1369700
-4691999
-1217690
9514986
780020
2061564
690061
-1460169
-2264054
352304
-381251
911479
47634
571919
254021
1132966
1388302
886786
9019952
18186789
20628498
90764
-6482149
3350391
-512330
-2554008
-857010
6947139
-508129
1120777
6676262
16795062
21107451
-30708
-6297313
3613632
-549790
-2209721
-1206445
4395001
-330401
1901462
9303411
17555905
23893748
139443
-8431601
3633029
-545703
-2091418
-897417
4584837
-182165
1385371
2167971
909706
1405845
619284
-1487044
445251
41040
-117706
-9541
1884874
647852
989379
7503763
19955296
18737579
-406996
-942439
3851240
-635971
-2321099
-1086213
6405748
-235409
1302690
3813675
18578795
14561376
-358762
3735868
3209227
-660715
-2897954
-1353948
4981513
-491880
1657586
5782166
24653265
14686064
-626609
4604911
4207415
-1217121
-3641716
-1580305
9315429
-327529
1726764
2147373
3147722
317136
178912
1190466
1121794
-251463
-607387
-358051
2899775
121040
1062993
4351949
21844511
14424920
-529275
5429353
3764356
-945224
-2883367
-1414420
8930796
-392465
1361271
3444622
19036767
13275072
-120472
6233568
2773448
-682650
-3496351
-1708092
6547404
-852601
1049388
2656967
17892533
16983117
-2257071
8848153
4674099
-965087
-4383531
-1232697
7389041
-140536
1338305
2293499
14586840
10956371
-1028494
3105612
2324994
-797393
-1804799
-549363
7674492
-62012
1538683
3177013
22603554
21206741
-1701088
5670707
4954666
-1126819
-3984385
-1164557
9338717
233591
1105648
1591183
23062708
18268127
-2665768
6712123
3571942
-1072384
-4462982
-1000711
8516949
187
1175408
5781157
27628340
21178908
-2576040
7143638
5013481
-1531400
-4976653
-1227554
11578194
418121
1776407
758843
-456795
-1134290
63514
329662
796173
-332429
-46754
-470026
2302854
1178031
1072193
2267050
22360113
21396859
-1624389
4735489
4500453
-1263960
-2984691
-876242
9516921
395760
1517194
2374620
20695941
18616688
-1261806
5265567
3966872
-1331832
-3367684
-902250
8317662
370672
1344718
2656839
25559557
20427318
-2383489
8197832
4862085
-1277279
-4411773
-965609
11634478
566724
1780069
2347025
24493943
17422530
-1544486
6205010
4904452
-1329841
-3090270
-868916
11210702
402182
2277147
2446300
27418472
23105167
-2267743
6333277
4071580
-1758023
-3288882
-785192
12441377
805265
1512719
1141831
25302163
19264645
-2887458
7791945
3537802
-1066998
-2717046
-811829
9442809
356160
996376
42926
20950896
22777652
-2424380
10427541
4277342
-885118
-2845307
-844317
7657183
304462
874307
650181
-521551
162016
-215975
1283939
756905
-220457
-158230
-264884
2783056
1282115
1072635
-144054
20315170
25705405
-636668
9438955
2189776
4097595
-3199449
-1172787
-2730359
-531486
596203
-2310430
17189215
10150815
-4432183
15686289
2504889
286922
-2015042
-76132
7662296
-218041
2345969
