-1142544
-221585
-58238
-316124
2095
-40549
-45765
-12933
266940
0
1470550
0
-9
430269
-117
1319975
-7670
85575
153252
0
233266
109
1243281
0
-752248
951982
4
-131
107
1114070
176300
208
771954
0
711156
0
0
1728659
-817
-210461
84
7
221478
0
-2817882
1240
862892
0
-49
23
0
0
0
99
2
0
48
0
29
0
0
38
0
13
0
0
0
0
-26
0
87
0
-1704160
-1537245
0
0
122
5889922
-45397
135
2256427
0
1318912
0
0
-459325
-870
1296052
0
0
385141
0
1004372
256
2438807
0
-1731450
-960606
-170083
-74657
10051
2641053
-212466
8600
1643090
0
1319634
0
-12
110205
-91
2099428
63438
233078
56956
0
-87218
494
3004583
0
-1661086
-2715787
-47932
-66831
2918
1578036
-227676
802
2505075
0
1456460
0
-2
-432366
-64
362391
-147101
86960
137369
0
328908
-418
4328322
0
-65286
-85854
-98
-77
7
43344
-9760
10
116700
0
64042
0
0
-14961
-19
-9487
-49
151
5345
0
2122
2
165032
0
-1201534
-1655559
0
0
76
1510775
-385170
226
2791441
0
1846034
0
0
-176996
-481
-317416
0
0
291028
0
-335688
-36
3169235
0
-1206555
-1288390
-165791
-138810
4078
1362742
-410948
2129
2541598
0
1566631
0
-8
-14730
-291
25036
-271599
332429
13347
0
136984
-22
2567053
0
-1395729
-1702726
-45427
-57624
657
1950020
-489453
348
2502529
0
1748994
0
-2
-120976
-391
-219753
-120643
161389
87869
0
-132220
52
2693824
0
-281742
-395848
-102
-88
17
291293
-82539
42
467669
0
303038
0
0
-51223
-70
-18078
-206
297
13223
0
-78282
33
543274
0
-1791738
-2790981
0
0
79
958005
-329240
154
2268526
0
1587496
0
0
-410252
-355
154090
0
0
21517
0
-526536
27
2765771
0
-1683917
-2563930
-64526
-35767
3405
217774
-195908
8183
1915057
0
1537151
0
-5
-121404
-275
1223960
-186027
203323
-40282
0
-535775
112
2875483
0
-2038276
-3716726
-14525
-3026
606
217658
-272324
1968
2009594
0
1695200
0
-1
-599320
-228
1114848
-41072
52346
-57031
0
-511770
18
3838635
0
-466120
-901538
-32
5
18
-8882
-69992
23
460948
0
368396
0
0
-139759
-105
216561
-79
105
-17365
0
-119650
2
849615
0
-1958998
-3122577
0
0
78
-205037
-388490
56
2088455
0
1745343
0
0
-510378
-197
1004200
0
0
-91528
0
-939983
158
3464839
0
-1799190
-2653072
-14108
16402
967
-310061
-337760
2542
2013181
0
1555241
0
-1
-278706
135
1700088
-35371
95862
-189092
0
-1297913
-82
3076533
0
-2090712
-2732426
-3493
-1926
319
-160074
-211333
469
2286677
0
1891027
0
0
-679415
-103
1867573
-14515
13914
-162008
0
162225
-102
3361836
0
-1422320
-2263576
-5
-9
41
-5021
-222762
78
1724231
0
1258670
0
0
-609714
3
440135
-15
26
-124535
0
49974
-48
2662591
0
-2143472
-2433450
0
0
61
134758
-115279
43
2337843
0
2061776
0
0
-624561
-142
1346925
0
0
-76144
0
61657
-84
4004237
0
-2000370
-2819916
-4601
-2751
540
-178383
-41516
413
2356346
0
2206134
0
0
-398947
-96
1262229
-6430
19681
-97332
0
6192
-124
4486478
0
-2348689
-3569854
-805
-1254
124
14677
-196472
221
2686052
0
2297482
0
0
-1052274
5
1540307
-1271
3191
-95163
0
-7483
-104
5291774
0
-188584
-292058
0
0
3
11121
-1074
11
242642
0
195318
0
0
-93436
-5
38987
0
0
-7325
0
-1930
-9
445733
0
-1772142
-2143863
0
0
34
-429
-154361
203
2273765
0
2291877
0
0
-611955
9
-131943
0
0
36930
0
44265
-109
3727371
0
-1841695
-1775584
-540
-580
93
66498
-124147
263
1962334
0
2074241
0
0
-424517
-13
611229
-607
2433
9766
0
64163
-35
3518896
0
-2104764
-2222323
-122
-118
22
-40620
79534
149
1988866
0
2482196
0
0
-839373
38
1181257
-74
443
29779
0
-149987
-88
4153353
0
-1769901
-2107616
0
0
3
97471
88839
75
1872395
0
2132024
0
0
-883240
-17
-187363
0
0
35499
0
208761
-78
3879260
0
-1647914
-2045092
0
0
-3
-19141
243112
-35
2511892
0
2643718
0
0
-646979
36
-1307121
0
0
141179
0
-37140
-74
5177869
0
-1378436
-1672084
-26
-29
-13
-226444
437111
-38
2347086
0
2436486
0
0
-92596
10
-550273
-14
88
98153
0
87619
-10
4398198
0
-1734709
-842182
-12
-17
-19
-331872
447341
51
1966016
0
2545657
0
0
-139703
-21
1254885
-2
44
44986
0
-479173
36
3065656
0
-230004
-130589
0
0
-2
-7551
17480
-4
246685
0
301238
0
0
-118790
-5
24539
0
0
16703
0
3486
6
350662
0
-1793964
-223367
0
0
-20
-139656
452848
-218
2280714
0
2496442
0
0
3301234
13
-899483
0
0
311135
0
-1948850
24
3691891
0
-1743463
-605318
0
0
-5
-2577631
56747
333
2399012
0
1615826
0
0
-340300
40
-905540
0
0
298632
0
-937547
-421
2158464
0
