1028206
128205994
177154592
23100330
50640416
18080285
1028271
10805017
1796260
35602
145469134
1324650192
767279288
14439555
719195329
969886875
578613332
223551178
1119373528
1354244816
1139551070
185641477
278508346
23011752
5852997
14148383
302825899
789919844
915889008
315219461
969107118
858849592
735850499
266439532
922915682
947039557
871329043
163907807
265627605
62605771
3646119
42722551
415428790
756747445
880981703
459027905
1275136726
789770650
760791236
553484255
1634745045
1204653670
1217402461
423570486
650810722
121368608
19621015
95169399
559210445
739363492
1027333897
683223990
1497827796
756545224
716262089
598325806
1606842534
1122240971
1179717214
507407169
1056492558
599206715
489742822
385301666
1214750737
1045145235
1218330529
773859325
1752997624
1125124201
1214222278
827961228
2211656665
1700205791
1920582777
512112524
406613401
48824815
756170
102125532
603714653
893844857
1410934510
829987347
1676627059
1053809468
1118593762
852147093
2009503180
1513803891
1976247546
1142691269
2213998686
1407740214
1547153492
980699807
2142586448
1621337858
2213941340
1355537870
2274551269
1305752058
1650087697
1196507622
2020792666
1118904525
1532686256
565120938
369846648
53801652
12597917
182086007
391325283
294894622
832512966
1072215391
1786028769
747797894
945807074
