1028206
50640416
1796260
767279288
578613332
1139551070
5852997
915889008
735850499
871329043
3646119
880981703
760791236
1217402461
19621015
1027333897
716262089
1179717214
489742822
1218330529
1214222278
1920582777
756170
1410934510
1118593762
1976247546
1547153492
2213941340
1650087697
1532686256
12597917
832512966
945807074
128205994
18080285
35602
14439555
223551178
185641477
14148383
315219461
266439532
163907807
42722551
459027905
553484255
423570486
95169399
683223990
598325806
507407169
385301666
773859325
827961228
512112524
102125532
829987347
852147093
1142691269
980699807
1355537870
1196507622
565120938
182086007
1072215391
0
177154592
1028271
145469134
719195329
1119373528
278508346
302825899
969107118
922915682
265627605
415428790
1275136726
1634745045
650810722
559210445
1497827796
1606842534
1056492558
1214750737
1752997624
2211656665
406613401
603714653
1676627059
2009503180
2213998686
2142586448
2274551269
2020792666
369846648
391325283
1786028769
0
23100330
10805017
1324650192
969886875
1354244816
23011752
789919844
858849592
947039557
62605771
756747445
789770650
1204653670
121368608
739363492
756545224
1122240971
599206715
1045145235
1125124201
1700205791
48824815
893844857
1053809468
1513803891
1407740214
1621337858
1305752058
1118904525
53801652
294894622
747797894
0
