40921
0
-1221426
-984989
110109
2345526
-389331
4164113
-790504
-2406338
-882919
2036690
2010173
0
1071891
248396
683035
-926766
-4178398
-835413
0
3404675
0
1240901
-719842
0
-5968576
-1613013
-2546336
-412857
2280465
778729
-1927353
1045925
-3055294
1598670
-270175
0
2587001
-930718
2649322
-11900
-1381932
158368
0
2100209
0
1004027
-420873
0
-1320006
-555659
-883862
-74588
3714709
1119428
13616
-76603
-2068126
1165998
-296694
0
-2444273
-1181952
3438488
-207558
-7931281
361147
0
4559789
0
5407933
12288293
0
7877199
214499
-9687266
604255
743450
1132254
-21
-857867
-63
925933
1573354
0
-4836753
-1295953
550408
-1660553
-8643806
-850466
-1233
2459425
-2536
2797977
6916031
0
2322369
178045
-5052528
617318
-3153600
1214278
-175847
366740
-383938
1436433
4034274
0
-3059536
306413
-2080023
-2273645
-6695214
-1017235
0
-711918
0
3312161
8925689
0
2837063
1151897
-6154791
-50127
-4682291
-114434
0
539221
0
933009
3265925
0
-2119195
-1899480
-2804709
-52686
-2797584
1029943
-47
1099601
-146
1243221
-500081
0
179341
-368595
386137
233782
1445976
730364
-84592
1032340
-218720
1057459
1237257
0
-1075601
343928
1411765
-1056550
-5659477
-318034
0
1098894
0
2925435
7753350
0
2135677
559022
-4999383
-42517
-4659971
268145
-20
491682
-63
1270630
4766114
0
-2434196
-249346
-1884019
-619915
-8117103
437859
0
1388354
0
2771530
6604390
0
1455279
398443
-4283001
83789
-4414695
109060
-33073
916639
-72030
817105
4412685
0
-2347251
240638
-1366231
-654863
-8249980
306899
0
1588205
0
3206152
7413628
0
1710360
275957
-4718844
216758
-4994134
462639
0
652714
0
1161056
2582375
0
-1858570
-840563
-1614527
-84282
-3467623
797669
0
983508
0
1430764
403551
0
261069
217600
-234061
112250
644015
706959
-68
636823
-72
1009210
1626460
0
-1264224
1417143
515737
-1544152
-4901998
-718721
0
-113521
0
2338150
7056090
0
1216238
732031
-4609504
86961
-5046562
210523
0
833360
0
1312572
5824973
0
-1770528
1313740
-3468633
-1413265
-6392702
-220392
0
-1130581
0
1407589
5606835
0
225246
1023031
-3541376
-51015
-5219546
-28243
-48
859628
-46
770654
6020591
0
-1768944
2909870
-3794115
-2568309
-6139986
-1563724
0
-2062089
0
1865933
7469361
0
846695
1310341
-4897056
-415018
-6111022
-333683
0
482758
0
1226322
5173202
0
-1844003
141467
-4093111
24171
-4097727
1029529
0
312541
0
1234944
713410
0
295152
480447
-382162
-100674
61464
315677
0
765247
0
1131511
2422400
0
-866069
2491881
-799267
-2343749
-3399794
-1357071
0
-1683068
0
1514384
6366316
0
505839
1525542
-4005096
-494317
-5673275
-455663
0
132805
0
1248149
6804037
0
-1294305
1896875
-4490928
-1711783
-5955186
-589640
0
-1457316
0
1266830
5269226
0
354227
1145882
-3406598
-414811
-4661073
-106600
0
185842
0
1316050
6239151
0
-1211323
2446646
-3727118
-2501469
-6155483
-1328288
0
-2333210
0
1670326
7325051
0
185949
636261
-4761216
-127363
-6644292
17706
0
1149978
0
1253412
5358564
0
-1583577
1952590
-4018065
-1517757
-4319600
-343048
0
-2034274
0
1556658
4491628
0
665731
1132842
-2849225
-540180
-3395404
-395086
0
677625
0
1074662
4871112
0
-1232745
2493822
-2870535
-2514407
-5087193
-1292203
0
-2642398
0
1612008
6871282
0
606992
1460902
-4140806
-893900
-6464672
-607056
0
396303
0
1792858
6771808
0
-1722721
2273663
-4819484
-2341467
-5914464
-995793
0
-2880155
0
1483585
6948385
0
292087
977190
-4156991
-312940
-7025326
-227745
0
659926
0
1324721
6715804
0
-2100637
3149455
-4546979
-3152231
-6882366
-1929169
0
-3824828
0
1540647
8351970
0
511824
2773820
-5370442
-1365479
-7769406
-1520142
0
300738
0
1567312
4667664
0
-1598796
-957605
-4242007
313716
-2607697
1671847
0
8492
0
1751595
-392128
0
-46151
447555
399096
-138713
430246
345026
0
1006526
0
1005564
2274250
0
-303545
2683303
-509737
-2901569
-3324642
-1996723
0
-2309595
0
1522603
7276777
0
228832
1886737
-4250091
-477604
-7441060
-522667
0
531027
0
1185103
6527136
0
-1240318
2287062
-4229069
-2318750
-6285487
-1041522
0
-2612816
0
1608304
6514197
0
358327
1821933
-3838600
-333296
-6580294
-307929
0
547905
0
1147916
6559522
0
-1042965
3690509
-4291283
-3291890
-6160954
-2260431
0
-3554955
0
1125132
8358115
0
-55363
2916718
-5336769
-923739
-8270839
-1169660
0
277937
0
1137881
7536850
0
-1152280
3197795
-5128329
-2896689
-6730403
-1625629
0
-3430636
0
1816391
7377984
0
424235
2784772
-4514468
-1095319
-6919456
-1504150
0
390534
0
540953
7211780
0
-938349
3372702
-4550920
-2888599
-7006368
-1755438
0
-3193673
0
1596105
8464122
0
312056
3191894
-4782628
-1491618
-9070636
-1614226
0
-58850
0
1459739
8258077
0
-763399
2521782
-5548884
-2440964
-7064052
-1188543
0
-3228666
0
1019141
7172582
0
-131884
2664655
-3964669
-1040692
-8248277
-990802
0
397667
0
1280023
7850068
0
-335984
2365362
-5122297
-2334345
-6581719
-1155362
0
-3114018
0
344284
6451361
0
-593732
2345045
-3263893
-983253
-8586286
-893299
0
532689
0
1090621
4383498
0
-461555
240492
-3760412
-156540
-1890466
1019638
0
-444900
0
1338366
-249534
0
-220725
958566
393220
-372946
-187026
33198
0
817580
0
815022
3348912
0
1539205
819685
-605675
-1054981
-3806797
-62247
0
-963396
0
-429818
4292648
0
-3934631
506462
-3800691
-287325
-5572152
348317
0
819259
0
718387
7377237
0
644161
3718525
-5232190
-3031689
-4584950
-2156098
0
-3224001
0
-605603
3884097
0
-1015778
2694369
-1937306
-2616318
-5071219
-3016486
0
1069229
0
-132477
