4521208
-585894
-1570345
2642471
1498105
2917022
5525923
6652025
5687532
4930080
-951632
-13007321
-8699252
3141023
-8262304
-10405053
-6893266
-2383654
-11551453
-13207628
-11700175
-1726443
-3244156
2647039
6222106
3160099
-3597544
-8900244
-9969414
-3772191
-10398851
-9495046
-8415260
-3063036
-10026817
-10222247
-9600147
-1319025
-3050705
1103672
4077579
1785423
-5073959
-8604746
-9680924
-5590608
-12667129
-8898929
-8641109
-6631620
-15006920
-12171253
-12262000
-5172426
-7614887
-434265
2829101
190579
-6691757
-8447302
-10855404
-7925789
-14149759
-8602925
-8235183
-7094560
-14835241
-11572669
-11992356
-6135938
-11079173
-7103477
-5939970
-4700930
-12243164
-10992464
-12268587
-8757969
-15718746
-11593975
-12239408
-9231576
-18274792
-15404028
-16687592
-6187562
-4966251
1561881
4592757
17067
-7149008
-9787886
-13585301
-9249007
-15261888
-11058713
-11545678
-9438284
-17184503
-14251741
-16999975
-11723201
-18287125
-13564224
-14462905
-10490820
-17908102
-14924613
-18286822
-13216328
-18603746
-12878241
-15100697
-12113018
-17246799
-11547980
-14371583
-6753506
-4503903
1389733
3265166
-1661492
-4776650
-3483898
-9270707
-11198551
-15913254
-8523920
-10212324
