-371072
94847
-11951
162699
-140433
-341417
-183912
947515
226279
162613
-8218
-1296
-153181
-283145
-7028
-81986
-703953
-99250
261573
12530
-1518703
43722
-18460
-1200629
-11254
1484374
-494047
806138
266345
1128607
-153746
-101670
-422247
272928
-963069
500478
400601
-2712030
-91908
2356113
173900
-32620
200614
-608
753552
-513174
3807
-67663
-266397
-96060
25266
60591
399850
59646
-534792
1337694
8182
-160032
-123123
822754
429709
731860
-575345
-159075
12652
32478
477070
500735
304468
-872453
589362
443783
-141000
-61948
-523056
-4365
-162245
306102
-7341
85550
-291983
-101454
171882
94862
-1870186
73132
46017
-150909
-21995
-62448
299023
655160
-380998
1384283
-293383
-101574
110075
41449
159827
633298
-28673
-291847
1213684
744709
110136
39798
-241721
16655
311833
469285
-15346
-77464
-178552
-61647
30851
-15074
-658797
78157
94034
821449
-2582
12003
-207599
528160
-226793
1822640
-237487
-89273
262117
101676
604808
571844
-902148
-66562
340707
1201766
114414
-17110
-194025
3806
54157
208352
6728
-104520
128207
81028
-6762
74733
864446
-3897
409152
2111232
6298
-668706
-123316
667385
319650
965328
656332
-10755
462148
-8869
158595
705940
-274233
328754
-1157879
-54096
5368
28282
-259291
22089
-25638
224757
11002
-20042
-486470
-93438
573239
314792
-921389
16655
113552
103133
2387
629230
-196129
654823
-21294
109361
6045
157131
161973
196853
143282
460504
39182
324339
-305062
1401862
212933
14562
16675
32384
-27728
-441928
-15299
-185078
-234924
60884
-3265
-369952
379550
45810
-147551
833961
-2336
-51573
302442
543245
-63021
31521
61236
109092
147489
97932
281371
385490
-98585
121303
100309
688102
93215
-12443
-12325
13709
18095
-193676
9739
-105027
-404061
-51495
-39940
354748
190480
53187
-56917
-373930
7094
332031
1071734
421057
210918
-278339
144450
-15985
21305
56930
161280
684675
-275029
-12787
47951
758690
197597
89968
183036
15823
39194
-448450
-10253
-169786
-740556
-42348
77604
-64337
396230
33761
30870
109980
3224
893892
1512586
335601
-42147
-428364
-327676
-20099
-101030
143944
309306
302043
-20811
-78139
-156505
1252518
152117
28118
459692
10380
44041
-441312
-639
-163119
-33893
259596
65224
-95361
851707
14574
-61621
1863197
3901
-417202
1769195
339982
227378
-184529
-94259
-13305
53700
-24347
269954
269671
-150619
13740
305345
253926
-35147
-179953
708191
11608
-51569
567294
22610
-43999
129719
67401
370545
135915
-252416
32562
-6388
937786
1482
-714905
1688678
281670
182521
-363524
52035
52223
107868
-56269
337872
299616
-178407
417535
-8044
-180948
-8204
30139
498694
11950
-10744
556982
-4699
-78820
-221535
-205255
449643
-33829
-651824
46532
92843
-447453
14622
-139112
881429
212135
932
-225676
-202818
143436
83672
-25549
356421
46303
-156777
385133
-86351
722076
88774
-53856
506115
5449
131285
-199021
-7720
-96306
185402
-93518
-54842
-268007
193595
39827
30555
141779
-7683
-408849
520157
128365
-23808
58734
1356
53585
50484
-45057
383461
-47520
-47373
540821
-76256
2802
34520
50331
28542
3038
125912
104551
10543
-28037
-81487
-133962
237139
286896
-228403
44037
69532
-696615
-36588
27046
673770
53087
-75900
-54920
-351834
29275
9061
48860
617759
93374
-258898
426281
426239
476191
211885
123127
-179025
3156
325674
-288739
-12906
-74623
-112986
-36038
-144169
-164945
89749
22264
160938
-107033
6130
310502
836158
72278
-62309
-28877
-169648
37675
-43393
122646
691025
28596
-834573
243661
-79026
680141
135427
61716
-163926
-1360
419539
-256870
2189
-101605
-133554
113800
-104282
25437
388754
7847
369928
444793
-7158
96372
1269509
71311
149239
2238
96414
34998
-8701
56886
279128
109313
-41212
255566
-1031217
348124
39161
34159
-298209
-1411
508703
-198824
1459
-118230
-268299
96739
-8037
218592
-42216
10691
1213
424005
-8433
453233
1521750
93033
35226
-152011
-59751
52579
-12785
59237
315071
45061
-249263
267266
129648
469123
181160
53531
-437988
-4897
562901
-365788
-4560
-136258
-379768
78209
90273
-5525
40206
9023
156335
512855
4470
854102
1384253
75549
80180
-84182
-57774
32569
-34695
140754
492602
52341
-185154
309645
-316131
778425
147181
55833
-357213
-7617
587773
-477172
1005
-142476
-169165
195619
134344
8420
324645
-255
192846
1090028
27268
135115
1844110
76663
80290
94272
56170
45471
162782
28918
385588
42309
-158998
405437
-109752
329841
-59193
17915
-201909
-5848
339203
-110013
5684
-14872
27622
103540
417298
31986
-183974
20715
223388
471687
-36761
-259598
1449859
106870
-44510
56510
-115416
84205
217566
-47509
609458
-24114
99218
891644
3409
-28910
-26099
48092
14135
-4850
143199
34708
1520
13428
-28183
-73972
620098
32087
-395211
34408
210078
-356123
-23947
-30124
679851
182701
126335
232723
-410197
136202
153617
7864
1421589
-158915
-516421
925639
333113
41375
67156
39140
447623
-1564
11530
-88444
-1865
9597
102193
-19147
305012
7125
-132113
18918
387625
-230852
-3415
-458664
139243
233318
-18399
555332
-316139
80640
257408
-71274
1537104
-210687
-471516
1103393
-619168
-114254
-76370
-3762
583072
685
-131765
68414
2974
186268
223490
-61609
444337
22173
-140299
26683
373252
-434457
-5550
-785009
115393
316917
43110
529154
-131866
78724
243046
-140723
1163477
-114769
-302972
1188777
-352971
-598960
-75463
-24745
657826
-2404
-223632
122511
812
205179
172626
-167518
527227
56683
-349543
34345
295980
-847806
-18017
-736153
-342402
337014
34324
475504
158417
32111
121612
-123169
1082540
-112071
-352780
1312325
-215099
-462011
7104
2629
464067
-3242
-83884
-37332
954
164016
-138721
-188407
318693
42528
-614048
38437
292014
-1008584
-10218
-419041
-744436
315745
158196
424240
-5612
-18454
-47664
-40002
1218465
-60623
-417210
741472
-180072
-60525
124824
15347
386101
-4058
5097
-193330
1621
109668
-115308
-108741
-58824
-598
-461340
35840
354729
-635338
-25361
-478860
-604232
188207
153467
443065
-40490
-728
-130616
-53109
1221089
-65390
-363827
801114
-296635
-162370
7920
20417
481290
-4338
-128712
-135570
-291
176364
-97532
-76147
244801
-18032
-347535
29054
370429
-539229
-3558
-595446
-215411
115224
25560
366678
-147497
58588
-156180
-83084
1541562
-88010
-518499
982688
-162432
-175710
-51774
-7670
573459
864
-254205
-180856
660
237565
18982
-63461
410838
-50310
-450687
28529
330866
-895699
-8966
-797907
-189261
85676
30589
399171
-138544
55255
-177342
-142963
1376286
-92254
-303820
1218980
-256759
-276471
-173865
-47992
588096
-2504
-410104
-117675
462
293692
393538
-125184
547101
-27719
-318325
53007
303247
-866986
-27360
-1182908
-538158
198524
-15547
501263
-46339
-2164
-131433
-170235
1728223
-70602
-211467
1226385
-381414
-241959
-134800
-7262
1013447
-202
-677636
-120353
1691
384862
189558
-214936
834414
16115
-743168
39285
326009
-508526
-16636
-1166704
-1180059
302704
114240
681058
-829112
-63997
-32130
-120765
2034256
-139937
-517937
1347046
-182283
-182648
-36599
-48356
730588
-1207
-654767
-164552
2271
437531
98682
-225513
724217
-13365
-463144
26054
331453
-752523
-30390
-897062
-1474276
328023
110343
916508
-855775
-55134
60415
-105197
2345309
-136643
-424662
1219401
-320067
-344523
-27791
-60150
532827
-1987
-594146
-68859
741
424009
473458
-171652
462514
-80200
-523977
43043
344571
-900559
-13896
-1285160
-1622694
334522
35896
814636
1154898
-103721
5189
-99968
2408554
-92213
-835661
1446330
-191611
-760749
-75245
5181
302848
-3683
-582757
-29735
1199
322428
-78215
-198155
1098355
76053
-402392
2956
526554
-788705
-1222
188153
-2451820
458669
48354
455382
108707
-9384
