-419978
107393
-13479
184166
-158954
-386485
-208182
1072484
256167
184003
-9304
-1467
-173410
-320523
-7955
-92796
-796835
-112347
296153
14180
-1719214
49486
-20890
-1359065
-12739
1680231
-559240
912517
301471
1277583
-174026
-115096
-486386
314520
-1109516
576598
461517
-3124498
-105893
2714403
200379
-37568
231116
-700
868109
-591223
4385
-77945
-306925
-110671
29122
69810
460499
68713
-616115
1541133
9428
-184403
-141843
947887
495021
843188
-662802
-183276
14847
38101
559529
587285
356965
-1023240
691178
520492
-165384
-72628
-613431
-5119
-190304
359011
-8610
100344
-342445
-118990
201609
111255
-2193507
85774
53978
-177047
-25801
-73277
350715
768377
-446839
1623505
-344076
-119129
131413
49510
190817
756216
-34153
-348482
1449260
889368
131561
47505
-288673
19887
372335
560363
-18324
-92506
-213161
-73612
36862
-17991
-786685
93328
112254
980855
-3083
14403
-247867
630640
-270808
2176353
-283608
-106584
289972
112536
669221
632734
-998231
-73665
377125
1329733
126643
-18919
-214716
4211
59916
230517
7444
-115651
141850
89663
-7482
82673
956600
-4315
452771
2336194
6967
-739884
-136433
738410
353663
1068150
726175
-11892
516424
-9918
177260
788927
-306478
367384
-1294120
-60525
5986
31591
-289769
24686
-28656
251148
12294
-22382
-543683
-104413
640677
351815
-1029740
18611
126918
115365
2666
703088
-219173
731780
-23793
122243
6714
175599
181285
220382
160367
515446
43783
363036
-341428
1569229
238367
16292
18672
36248
-31054
-494649
-17124
-207153
-262933
68144
-3656
-414089
424856
51279
-165123
933492
-2616
-57709
338541
608051
-70532
35261
68581
122109
168802
112120
322040
441214
-112823
138832
114757
787545
106695
-14239
-14083
15691
20692
-221669
11148
-120203
-462446
-58939
-45714
406008
217991
60876
-65130
-428004
8120
379980
1226653
481922
241420
-318582
165309
-18306
23638
63188
178966
759794
-305273
-14173
53188
841868
219315
99803
203108
17559
43465
-497620
-11378
-188411
-821801
-47004
86139
-71377
439674
37464
34290
121960
3577
991988
1678498
372415
-46780
-475360
-363608
-22297
-113207
161346
346603
338458
-23297
-87563
-175448
1403585
170494
31498
515081
11632
49341
-494527
-717
-182795
-37943
290891
73101
-106878
954422
16331
-69053
2087895
4371
-467526
1982460
380969
254773
-206749
-105615
-14905
60037
-27237
301929
301585
-168471
15367
341540
284047
-39319
-201190
792009
12983
-57686
634467
25288
-49203
145125
75391
414456
152017
-282304
36419
-7138
1048934
1655
-799593
1888656
315029
204168
-406567
58243
58409
122807
-64088
384727
341148
-203153
475432
-9169
-206082
-9349
34297
567798
13607
-12241
634225
-5350
-89737
-252220
-233716
512026
-38513
-742229
52984
105725
-509527
16648
-158426
1003594
241547
1061
-256963
-230994
163312
95538
-29185
407066
52875
-179070
439843
-98614
824636
101400
-61479
577972
6223
149918
-227280
-8816
-109980
211730
-106807
-62639
-306078
221105
45485
34924
161846
-8775
-466924
593964
146590
-27188
67073
1555
61200
58241
-52008
442504
-54844
-54723
624085
-88033
3236
39846
58062
32911
3506
145297
120626
12166
-32347
-94029
-154593
273670
331063
-263582
50818
80256
-803919
-42228
31172
777447
61246
-87585
-63379
-406051
33783
10233
55299
698915
105652
-292908
482259
482223
538731
239784
139246
-202540
3571
368453
-326685
-14602
-84422
-127864
-40773
-163123
-186581
101568
25188
182079
-121099
6936
351335
945963
81753
-70492
-32683
-191990
42627
-50058
141464
796719
32985
-962341
280870
-91090
784265
156186
71128
-189014
-1568
483684
-296185
2524
-117157
-153962
131222
-120241
29283
448264
9044
426537
512914
-8252
111236
1463608
82196
172060
2544
111130
40350
-9919
64787
317654
124426
-46858
290839
-1173889
396255
44578
38869
-339422
-1606
578987
-226300
1661
-134576
-305360
110150
-9147
248855
-48057
12163
1346
482749
-9598
515959
1732021
105876
40091
-173047
-67962
59845
-14718
68219
362701
51887
-286899
307648
149303
540030
208581
61605
-504207
-5637
647997
-421087
-5250
-156867
-437156
90078
103940
-6363
46251
10383
179964
590576
5148
983213
1593619
86975
92300
-96940
-66436
37498
-39136
158936
556162
59097
-209032
349603
-356927
878812
166163
63008
-403291
-8600
663589
-538716
1136
-160844
-190952
220870
151705
9504
366493
-287
217723
1230741
30791
152487
2082086
86562
90642
106401
63433
51338
187185
33243
443365
48653
-182808
466261
-126223
379287
-68072
20595
-232162
-6725
390020
-126480
6536
-17095
31785
119054
479973
36780
-211616
23823
256874
542432
-42275
-298560
1667241
122916
-51190
64968
-132686
96836
246627
-53877
690856
-27343
112420
1010824
3898
-32819
-29603
54493
16051
-5498
162302
39357
1723
15259
-31896
-83861
703010
36373
-448041
39007
238134
-403697
-27146
-34188
770608
207138
143214
263834
-464898
154399
177265
9069
1640335
-183372
-595888
1068110
384416
47692
77457
45145
516520
-1805
13257
-102036
-2152
11100
117945
-22109
352016
8222
-152492
21831
447274
-266436
-3941
-529266
160581
269250
-21228
640770
-364782
93041
290983
-80599
1737717
-238190
-533037
1247426
-699967
-129177
-86352
-4251
659184
774
-148987
77305
3362
210610
252695
-69654
502356
25062
-158615
30168
421964
-491159
-6272
-887488
130346
358324
48718
598221
-149047
88993
278810
-161490
1334777
-131674
-347617
1363838
-404921
-687190
-86602
-28364
754673
-2758
-256601
140501
932
235421
198025
-192183
604847
65021
-401003
39403
339566
-972636
-20669
-844534
-392906
386675
39379
545572
181712
36828
137127
-138888
1220362
-126345
-397714
1479456
-242491
-520826
8008
2957
523232
-3655
-94618
-42100
1075
184944
-156322
-212381
359327
47937
-692254
43333
329190
-1136950
-11521
-472558
-839320
356006
178330
478307
-6298
-20812
-54821
-46102
1403102
-69809
-480412
853870
-207337
-69768
143642
17652
444659
-4673
5789
-222574
1866
126319
-132657
-125225
-67719
-692
-531283
41275
408473
-731631
-29200
-551567
-695896
216780
176710
510231
-46561
-847
-148147
-60290
1385407
-74189
-412762
908952
-336539
-184305
8962
23144
546084
-4922
-146061
-153779
-330
200118
-110583
-86423
277741
-20457
-394302
32969
420272
-611833
-4042
-675567
-244616
130765
29013
416038
-167316
66469
-178955
-95222
1766416
-100853
-594120
1126117
-186127
-201390
-59318
-8774
657038
990
-291280
-207250
756
272208
21654
-72749
470791
-57646
-516429
32693
379125
-1026489
-10270
-914165
-217031
98176
35079
457428
-158958
63314
-194612
-156849
1510106
-101220
-333449
1337395
-281717
-303147
-190698
-52639
645163
-2747
-449846
-129171
507
322209
431899
-137322
600105
-30417
-349240
58156
332727
-951216
-30016
-1297913
-590474
217792
-17082
549998
-50535
-2371
-146660
-189942
1927757
-78742
-235888
1367981
-425493
-269957
-150420
-8086
1130290
-225
-755851
-134259
1887
429322
211222
-239772
930920
17967
-829048
43821
363659
-567314
-18556
-1301285
-1316160
337605
127417
759724
-925108
-71388
-35660
-133714
2252499
-154930
-573481
1491541
-201873
-202088
-40433
-53513
808891
-1337
-724917
-182311
2515
484474
109253
-249670
801847
-14796
-512795
28851
367024
-833214
-33653
-993384
-1632388
363184
122204
1015010
-947626
-61049
68096
-118767
2647427
-154250
-479415
1376405
-361301
-388784
-31406
-67884
601397
-2243
-670651
-77745
836
478645
534492
-193717
522080
-90526
-591468
48590
388959
-1016511
-15687
-1451011
-1831548
377583
40471
919638
1303788
-117086
5928
-115002
2769519
-106012
-960881
1662974
-220325
-874707
-86568
5946
348177
-4234
-670057
-34197
1379
370778
-89940
-227839
1263057
87442
-462745
3398
605462
-906877
-1405
216369
-2819021
527365
55599
523598
124981
-10792
