-1275897
847145
-16947
707641
-273792
-423132
-342473
1683102
1159081
2352480
-16675
-180757
-358189
-1033649
-1006488
-791039
-1570756
-877771
671069
56062
-2043945
920815
-69067
-1523462
-528394
2976097
-656205
1969267
1139793
1842923
-232385
-793995
-1477648
2481031
-1395005
2215522
794942
-3420767
-174200
4259845
906656
-480305
414198
-86172
1793129
-1906623
554839
-664439
-605025
-864680
65990
276004
547479
1278579
-2037015
1727554
391069
-326623
-166437
2045597
1871566
1216305
-885069
-1264331
45104
300555
703501
2256586
614856
-1120265
1137031
816834
-748318
-928553
-1099372
-630572
-393084
1157768
-1089297
855379
-675042
-929675
456838
439865
-2607824
1596045
178462
-198463
-1070183
-129792
411524
1658205
-1689400
2341918
-459460
-821812
399233
390546
239916
2905687
-58827
-381525
2384123
1395729
595277
607347
-517351
2449778
769080
1807104
-2318282
-788561
-420193
-575138
83528
-71131
-935277
1736620
371138
1099503
-127859
25512
-290844
1360960
-1023865
3139405
-378714
-735270
880937
887716
841418
2431218
-1719408
-80650
620394
2086814
573023
-241880
-384807
518782
123759
743389
941754
-985859
279622
700542
-16954
326861
1137286
-80284
1496964
2618788
288997
-1310514
-160089
1593533
1337123
1540815
969693
-82039
1568901
-78239
222871
3031375
-527895
402220
-2128908
-94985
27086
403887
-519315
3041011
-59191
809923
1555455
-190793
-1071733
-815783
1451746
1390960
-1224241
346301
419621
129320
110562
1245339
-257175
1579225
-89957
176337
8965
1211374
550745
1738441
201631
1980550
75414
397460
-561671
2462668
1078543
208299
33464
4465307
-64143
-1595182
-2166470
-1765865
-518306
532413
-8285
-1637170
505104
954181
-545935
1046410
-108502
-102216
397240
1312211
-266667
50864
91579
842370
512824
884438
404904
1695323
-194332
151996
188782
1235933
482765
-182046
-25239
1932931
42741
-714855
1410429
-1024661
-911595
-460496
-103585
1605222
259166
1132762
-215335
-479777
336792
673037
1439339
1040018
912756
-459557
220745
-126281
71813
498445
225016
2919434
-525820
-15517
87498
1321185
992337
1275978
364004
2163095
89780
-1604764
-1439500
-1606100
-1619970
-367243
195187
-282199
522721
697123
113369
136713
148379
1757052
1969527
803695
-176866
-685710
-485541
-153813
-343923
1272748
435787
1300492
-40128
-95866
-288623
2202715
771437
402707
923111
1432908
101917
-1594789
-90656
-1558229
-74794
2272752
165643
-422559
1134696
303881
-228305
2340454
181282
-828103
2326192
822155
963240
-298237
-141032
-102825
182394
-214854
379618
1158809
-290184
16824
561855
445768
-177907
-2572222
1419413
1599328
-119153
2046080
3199414
-419427
286077
589038
939139
601024
-335626
677679
-23601
1175816
68652
-1416273
2216124
679852
771912
-586476
77774
402935
373089
-505545
483721
1310829
-349922
520513
-15083
-323415
-42301
438488
1017590
1676225
-25285
2045300
-676839
-764963
-497187
-1826038
1160228
-152266
-882424
985911
349552
-571161
690537
-280611
1177604
521274
4010
-370671
-308456
1126612
290245
-230219
511808
203168
-308440
481550
-162227
1294142
458805
-786004
1035823
766560
309665
-732951
-1115345
-937519
417372
-834487
-141938
-1210132
262868
846363
115466
181423
-363987
-827036
696950
316351
-102793
96753
2077
422188
176937
-410251
556365
-210732
-94258
683261
-144819
5079
180292
742326
58982
431886
300119
389004
1539270
-275741
-185355
-1207846
620124
1308913
-313368
945606
265345
-901164
-1751545
55214
912246
132172
-331140
-91424
-542218
233050
31088
436213
878752
405958
-504521
527987
793287
845456
1084956
1780267
-362986
439892
761060
-1053521
-1847358
-719650
-252052
-318564
-369630
-737680
120752
468682
601995
-135747
287707
622299
1109980
176429
-266515
-47145
-256372
294066
-152077
1115907
1001722
126742
-1657590
307502
-149848
1230785
706697
909376
-338744
-193215
999076
-955162
319328
-998702
-303497
1025249
-272462
115777
532933
168292
1410226
574958
-342295
197026
1717378
177385
650520
3670
148397
278355
-30133
511062
399389
478094
-80710
318417
-1931121
621863
201701
496942
-608302
-197812
1195930
-729790
210150
-1147191
-601939
860613
-20727
983891
-57134
226318
4451
541144
-398093
913889
2032331
228487
151577
-249621
-90753
412843
-44712
538134
456027
199369
-494170
336820
245612
847496
943768
787620
-903624
-694438
1338474
-1357956
-664189
-1337205
-861742
703785
235523
-25159
54987
193201
595003
662014
213543
1741509
1869932
187698
348965
-139837
-88715
258679
-118896
1253731
699268
227074
-360048
382753
-587167
1379163
751841
805562
-722765
-1059455
1370682
-1737294
143665
-1371104
-376413
1725672
343756
37574
435717
-5348
719841
1379615
1277178
270092
2443092
186807
342699
153484
84705
354157
568671
262230
557447
186946
-314879
510472
-207644
595233
-308008
263312
-416074
-828427
805609
-407883
826947
-145722
62656
930174
1087597
145417
-251587
443297
849283
608046
-1753490
-528822
1956319
265261
-193537
93717
-177181
668024
749257
-425000
868620
-105064
193638
1106672
6412
-51505
-133946
696699
28766
-677280
335244
126921
217980
130076
-62875
-655215
1592990
143805
-532669
725830
787325
-452530
-1125986
-60555
904221
447017
541459
380582
-620799
1065123
538532
71540
2062409
-704588
-1026391
1169389
632388
74846
350469
577181
925691
-222324
27383
-329053
-272308
94625
232499
-172736
797652
32509
-181295
406214
1478788
-298665
-163469
-937459
188424
581058
-80259
924315
-487110
641849
884010
-635788
2184848
-915222
-918132
1365709
-1151489
-202723
-390720
-54350
1181368
95378
-307742
249298
425324
1795331
498124
-544212
1138317
99087
-188575
561354
1395107
-550571
-260166
-1571957
152946
773286
184193
862938
-199029
613923
847028
-1273880
1678228
-505943
-598755
1493159
-666120
-1078441
-391848
-362634
1352500
-339750
-530024
453100
117916
2006834
390355
-1501539
1370556
257071
-476746
733196
1122683
-1090289
-857299
-1495875
-461031
834468
148885
786991
242648
254061
416595
-1095587
1534373
-485467
-685045
1619740
-398913
-817357
36233
37810
937719
-450216
-195439
-135767
136022
1576550
-308148
-1659345
814219
189528
-823009
806332
1088376
-1274479
-477867
-837015
-984847
768282
674226
689961
-8410
-143574
-166546
-363667
1764134
-268236
-827489
934835
-341083
-109490
649939
225686
796904
-575653
11958
-717774
236065
1076803
-261499
-978392
-153449
-2735
-631633
768023
1350503
-820131
-1211184
-976960
-816555
467825
668101
736012
-62175
-5843
-450071
-475584
1741886
-285063
-710964
995140
-553628
-289239
40552
295894
978675
-606351
-301698
-495918
-41796
1705894
-217987
-675231
629349
-80880
-468779
613478
1389515
-685842
-167659
-1196593
-287029
282199
109692
600138
-223424
458536
-543666
-751138
2220932
-387517
-1023346
1232897
-306191
-316051
-268396
-112173
1177523
121896
-601656
-668355
95613
2320423
42685
-568390
1066793
-227913
-613974
608339
1253472
-1150656
-425973
-1619208
-254661
211869
132625
659843
-212263
436774
-591235
-1237270
1898671
-388929
-574351
1464209
-463442
-475744
-862853
-672992
1156240
-338398
-929182
-416560
64174
2746656
851379
-1072909
1359813
-120258
-415205
1082148
1100071
-1066278
-1245007
-2298920
-692854
470008
-64583
793376
-67481
-16356
-445556
-1498316
2423787
-302560
-406307
1497695
-699963
-423657
-680607
-103378
2025669
-27728
-1561253
-432969
238703
3659733
416371
-1873355
2109425
71037
-985641
815402
1202338
-635938
-769680
-2304892
-1544365
728573
481737
1095908
-1235337
-492472
-108334
-1054779
2832089
-595305
-987796
1632971
-332094
-317147
-182948
-684166
1449669
-164753
-1497357
-587932
318235
4129873
215364
-1950688
1816950
-58497
-609653
536844
1213464
-934002
-1395868
-1759525
-1915422
783774
462028
1464160
-1265406
-421145
206877
-936866
3328635
-592691
-825772
1506917
-594363
-610138
-142105
-867901
1077805
-276366
-1385267
-250717
105777
4080185
1053615
-1513526
1183011
-357908
-703186
904146
1285986
-1139472
-650685
-2570093
-2149114
814848
153013
1326585
1741005
-807722
18009
-907169
3482142
-407340
-1655075
1820659
-362449
-1372721
-391696
76016
623991
-521586
-1384042
-110281
174461
3160677
-177293
-1780124
2862033
345716
-550150
63228
2001793
-1016576
-58273
383242
-3307802
1138085
210208
755294
166892
-74448
