491818
948462
-1039667
-627948
1653846
149660
-1030701
-677390
961632
-1697200
-1066270
140497
-2327831
-59397
-3097580
-1171971
-964831
-469954
-115545
-6148280
-721683
-267631
-174076
3373994
697857
-184272
-2176045
-201351
1319580
450198
1602510
1339878
1100248
-3085192
-2866299
2533608
3591733
-1642299
-5802124
1218677
5300487
-1957115
-289434
-5571504
-2165749
-2041900
61686
-1148098
2835758
-1196726
1597780
-6526884
3334338
1290751
-3535203
4811368
-7250019
2935515
-563994
-2397250
-2884015
508921
1905263
2181916
-310425
-1421643
-2683961
2935359
-1084492
499046
-226980
2299584
-244880
92750
-1785782
-2354721
-1181520
818707
-209161
-609423
-1219483
-610257
-976651
-3314445
-1087700
145383
-169474
-1590672
1364868
338621
-2423174
-313517
2308714
1256438
2139999
2282944
-672540
405624
-2218432
-386837
-109435
-184938
-1685194
832017
1885982
-1790459
-881395
-1523623
-1151773
-597869
-1470079
-679556
-163275
-1140861
-317534
-4368402
-413865
1167921
429900
351293
4636
3193269
-1483154
-2205665
777406
590613
903721
2025557
-746611
1671777
-446000
-2756179
385009
-658350
-974153
350424
1763908
-1525067
-531068
2684701
1597831
-251183
-1778612
-315437
280953
-1226443
223996
-4509122
1375693
1729039
-147393
1125284
-2112241
3805515
-435618
-2670946
28430
305157
960853
1754050
-1205546
901574
-1550202
-906839
-1056821
550537
-140904
2857217
-935691
339879
-2058380
-94451
-931888
136495
831222
2188754
-1087420
-697381
-751309
-1983413
-1399736
685393
968266
-689558
2412827
1722497
-1071003
-29435
2292569
906153
1961275
1352355
-619528
-695864
-2224867
-114720
363369
-424630
-1752500
-373581
4109188
-2917228
-731964
-2580106
-1901873
-3214901
-1710974
1218260
877915
-1818696
-47664
-5382112
1628231
1156368
-1349994
2966119
-3792790
4876624
-937327
-1834040
-953493
304586
-368329
1456521
-788034
-290487
-1966102
-232792
-193991
623028
-1800813
448548
2019986
-1673764
-859124
-2152036
-2164811
-1900685
-867235
1364369
-301489
-649160
-459417
-2928509
149253
657144
-328794
1929697
545192
2500030
-1119052
-442713
128417
354624
-38372
1304905
-382779
-109023
-1319978
-635241
450786
338172
-1628108
-786597
2942272
-2077203
-250163
-1198543
-461196
-2824398
-1665605
1878766
-116870
-1582767
-319022
-3662805
611924
685865
-1143018
4044621
-2674526
2998608
-745602
-1366819
-566335
265487
-754937
1334133
129091
-634596
-2166833
-142301
1357157
182308
-2041194
-1614920
5731531
-3213836
124766
-2087028
-1240923
-3688154
-2643466
802437
1113814
-1793988
13072
-4553166
2156280
825139
-2498824
4848178
-6791704
4076812
-418759
-2384008
-1628232
-133038
-1090032
1973716
-445010
137587
-1596767
-789128
-154349
1214948
-598987
1816646
-130471
-358184
-691616
-806951
-572932
-1311482
-51992
1119284
-1306486
-175786
-581830
-1310392
-929906
142088
168709
1461391
1545532
1351576
-868528
-715996
921887
59864
154448
1270257
-497117
344899
-1462755
-945021
-715549
1650113
390228
3241679
-1248730
195569
-1203036
95611
-724379
95029
1011777
2198440
-3132603
468485
-940209
145351
-4170403
26139
1717525
1792625
5300586
-228677
-974126
431841
2315505
7133
534320
640344
-369943
301660
-1493560
-1035547
-829
783916
-1737113
648793
1920603
-1799376
-836351
-365820
-366512
-2204035
-933607
726104
-2030359
-382288
-515988
-2387476
1205570
236594
-584900
3004710
132399
1987771
-820864
-1090078
148193
-673605
-254278
1120367
-491535
359005
-2020004
-583742
-903423
1030140
-58255
2565925
-865975
-244069
-1297214
-73311
-1724743
-455737
725990
1922506
-2703969
-40277
-838983
-236176
-2412425
-53526
542903
1041150
2916780
248913
-974313
322966
1657594
-457204
263085
1284114
-350929
859698
-837530
-1636798
471173
-180237
-1786399
190618
1097528
-1802510
-594812
1312804
842387
-2328615
-1307624
146923
-833060
-393365
-544377
-2257016
1912057
126028
-1002700
2089858
-1905606
3107341
-534418
-1340880
-120324
-621729
-498843
1407873
-172595
1907699
2020997
-3547091
960175
-1014152
-2185169
-264100
896338
-2089830
-137154
3392239
4979960
-2967978
-1259487
509825
312719
-258088
-439098
-2486709
2293656
-101499
-1339219
2706832
-2925218
4471071
-338928
-1643443
-670331
-747738
-730620
1575405
-444273
359198
-1844602
-557587
-382359
-347354
-2115883
810866
491062
-1803719
-313887
-938312
-963678
-2182124
-546623
1545241
-511140
-293740
-528255
-1795306
928408
-746653
-872138
3765163
-1830750
2554317
-421937
-1204165
-347469
-566037
-649871
1262476
-234941
826153
-1055452
-1373548
664255
-1270211
-2485616
-433974
1671223
-2680489
-56991
968605
793716
-2674373
-1984714
944307
-695861
-390578
-420983
-2043253
1387952
-674271
-1312798
5199025
-2492177
2941973
-236656
-1432569
-796616
-528917
-731022
1230540
15319
679524
-1508835
-310218
1462243
-1546278
-3401046
-518252
3069285
-3307835
2884
585983
330949
-2888467
-2081233
477269
486659
40876
-277596
-2701988
1438091
-577786
-2478182
6582240
-4023097
3027244
69337
-1622058
-1707590
-580643
-566445
1808290
-454907
862936
-1672633
-513542
-677826
-416814
-1947546
401185
882554
-1432349
-374999
671800
-586223
-1507754
-906556
1274759
-1048832
481212
-417930
-859242
856249
-685656
-1571266
1610977
-839634
1349774
-417040
-675624
-318560
-468365
-44803
1928571
-485723
926221
-2356186
-263330
-1393931
303261
-254529
1652435
-587438
-284454
-660734
354768
-2351414
-79083
812023
1503506
-2322844
725928
-938581
737079
359044
-819510
-505331
-66330
1276844
398398
-774171
11344
1226375
-102062
345559
1617612
-320486
3341595
-521467
-2113946
-503904
121952
-835157
-18520
507554
-1407847
-415370
3205474
3058393
-1021367
-360741
419400
-1342908
291743
-729848
102768
1193817
-679205
-986418
-204784
-24670
517059
-354898
-424603
467724
-108406
194295
2327394
-478422
3670122
-759833
-1029669
-1230587
988507
617194
960592
-114731
-223954
-397589
3270424
1743115
-101880
155387
-68574
-2552831
411491
-892084
1620721
-712713
-636124
-395350
-3253111
2572652
2087112
-582674
1042043
2062300
-55950
510125
1582369
-596709
3181248
-1172143
-678812
-2197023
1317137
1855696
434196
-898475
807503
-773821
2424798
-275092
1365043
765854
905804
-4744354
664740
-1096916
4250380
-2812207
-872052
240825
-6230135
5182491
-675982
-734708
1920238
3553654
504353
934271
2171423
-452674
3489481
-1079144
-843352
-2111466
923020
992746
2462191
-492308
-206863
-1068883
1873042
-604954
900315
1340186
1092151
-3927012
180365
-763234
3775302
-2353950
-825769
-121819
-6174207
4511269
1187306
-499287
1514099
3363182
99019
541877
2978237
-238756
3609042
-622115
-1996002
-884376
390040
-716897
754839
1697366
-1967268
-924959
2464719
994795
-375233
309856
127724
-2573330
-9082
-517914
1682372
-856883
-549239
-1180453
-4356813
1834918
989290
-441521
420827
1918732
-501807
223699
2216633
-140850
3971895
-594736
-1342160
-666830
380884
-323953
1228877
1263494
-1139184
-825375
2655888
307286
-169189
142868
484539
-2642761
151204
-911264
1946433
-778804
-685635
-697098
-5176697
1827436
1735172
-451872
593226
2065709
-592181
118048
1508417
-72000
4536950
36318
-1522726
-1042531
879213
102880
1394784
728178
-605997
-626598
3044516
2034107
249792
-305032
126991
-2869079
216115
-825521
2157621
-661031
-611145
-1834569
-6524036
1606720
2869722
-323452
769311
2631659
-460890
265031
1526737
-49019
4302339
-850690
-911014
-2098128
1184519
834363
1577909
-77948
-165668
-733631
2566802
-17893
1171567
680540
590888
-3788235
321790
-772026
3983341
-1477938
-767007
-1428450
-6791123
3024293
377061
-649307
1150070
3451102
-218424
634763
1431569
-105500
4965700
-998675
-571719
-2812270
741370
2464557
3394639
-1598986
1160630
-1737044
3331626
570995
2237742
708145
1180405
-5033724
959033
-663333
6006914
-3205935
-1003243
-1251995
-9603878
5419891
844980
-46549
1349575
4562653
390296
1210894
2587028
-241372
6088210
-25072
-1766387
-2422039
1353522
2081633
2845711
-367325
594242
-1526984
3843854
2177065
1956602
1642350
334373
-3917596
493656
-836463
4462491
-2543910
-652797
-1591451
-13097434
5048830
1634771
-14769
1724529
5218905
279612
1754890
3567197
-458490
5611660
-304367
-1837900
-1959330
1432449
2246346
1596511
437708
1215671
-1708143
3845524
525387
2258562
637669
-2061998
-4048126
473955
-1094508
6842607
-1655216
-1184304
-1314672
-14916263
4453580
155743
-364091
702157
4912378
190244
1254894
4906879
-613867
6273692
1013238
-2127558
-3584668
1174761
3834455
3146774
-2132662
3360031
-1808400
6117397
2397722
3933207
1776303
774046
-5083214
939189
-1617216
8366473
-1917945
-1828021
-640807
-12692525
6531298
-302809
101888
1387285
2996726
402837
1539037
3161234
