491818
-964831
948462
-469954
-1039667
-115545
-627948
-6148280
1653846
-721683
149660
-267631
-1030701
-174076
-677390
3373994
961632
697857
-1697200
-184272
-1066270
-2176045
140497
-201351
-2327831
1319580
-59397
450198
-3097580
1602510
-1171971
1339878
1100248
2835758
-3085192
-1196726
-2866299
1597780
2533608
-6526884
3591733
3334338
-1642299
1290751
-5802124
-3535203
1218677
4811368
5300487
-7250019
-1957115
2935515
-289434
-563994
-5571504
-2397250
-2165749
-2884015
-2041900
508921
61686
1905263
-1148098
2181916
-310425
-1219483
-1421643
-610257
-2683961
-976651
2935359
-3314445
-1084492
-1087700
499046
145383
-226980
-169474
2299584
-1590672
-244880
1364868
92750
338621
-1785782
-2423174
-2354721
-313517
-1181520
2308714
818707
1256438
-209161
2139999
-609423
2282944
-672540
-163275
405624
-1140861
-2218432
-317534
-386837
-4368402
-109435
-413865
-184938
1167921
-1685194
429900
832017
351293
1885982
4636
-1790459
3193269
-881395
-1483154
-1523623
-2205665
-1151773
777406
-597869
590613
-1470079
903721
-679556
2025557
-746611
280953
1671777
-1226443
-446000
223996
-2756179
-4509122
385009
1375693
-658350
1729039
-974153
-147393
350424
1125284
1763908
-2112241
-1525067
3805515
-531068
-435618
2684701
-2670946
1597831
28430
-251183
305157
-1778612
960853
-315437
1754050
-1205546
-1087420
901574
-697381
-1550202
-751309
-906839
-1983413
-1056821
-1399736
550537
685393
-140904
968266
2857217
-689558
-935691
2412827
339879
1722497
-2058380
-1071003
-94451
-29435
-931888
2292569
136495
906153
831222
1961275
2188754
1352355
-619528
877915
-695864
-1818696
-2224867
-47664
-114720
-5382112
363369
1628231
-424630
1156368
-1752500
-1349994
-373581
2966119
4109188
-3792790
-2917228
4876624
-731964
-937327
-2580106
-1834040
-1901873
-953493
-3214901
304586
-1710974
-368329
1218260
1456521
-788034
-301489
-290487
-649160
-1966102
-459417
-232792
-2928509
-193991
149253
623028
657144
-1800813
-328794
448548
1929697
2019986
545192
-1673764
2500030
-859124
-1119052
-2152036
-442713
-2164811
128417
-1900685
354624
-867235
-38372
1364369
1304905
-382779
-116870
-109023
-1582767
-1319978
-319022
-635241
-3662805
450786
611924
338172
685865
-1628108
-1143018
-786597
4044621
2942272
-2674526
-2077203
2998608
-250163
-745602
-1198543
-1366819
-461196
-566335
-2824398
265487
-1665605
-754937
1878766
1334133
129091
1113814
-634596
-1793988
-2166833
13072
-142301
-4553166
1357157
2156280
182308
825139
-2041194
-2498824
-1614920
4848178
5731531
-6791704
-3213836
4076812
124766
-418759
-2087028
-2384008
-1240923
-1628232
-3688154
-133038
-2643466
-1090032
802437
1973716
-445010
-1306486
137587
-175786
-1596767
-581830
-789128
-1310392
-154349
-929906
1214948
142088
-598987
168709
1816646
1461391
-130471
1545532
-358184
1351576
-691616
-868528
-806951
-715996
-572932
921887
-1311482
59864
-51992
154448
1119284
1270257
-497117
-3132603
344899
468485
-1462755
-940209
-945021
145351
-715549
-4170403
1650113
26139
390228
1717525
3241679
1792625
-1248730
5300586
195569
-228677
-1203036
-974126
95611
431841
-724379
2315505
95029
7133
1011777
534320
2198440
640344
-369943
-2030359
301660
-382288
-1493560
-515988
-1035547
-2387476
-829
1205570
783916
236594
-1737113
-584900
648793
3004710
1920603
132399
-1799376
1987771
-836351
-820864
-365820
-1090078
-366512
148193
-2204035
-673605
-933607
-254278
726104
1120367
-491535
-2703969
359005
-40277
-2020004
-838983
-583742
-236176
-903423
-2412425
1030140
-53526
-58255
542903
2565925
1041150
-865975
2916780
-244069
248913
-1297214
-974313
-73311
322966
-1724743
1657594
-455737
-457204
725990
263085
1922506
1284114
-350929
-833060
859698
-393365
-837530
-544377
-1636798
-2257016
471173
1912057
-180237
126028
-1786399
-1002700
190618
2089858
1097528
-1905606
-1802510
3107341
-594812
-534418
1312804
-1340880
842387
-120324
-2328615
-621729
-1307624
-498843
146923
1407873
-172595
312719
1907699
-258088
2020997
-439098
-3547091
-2486709
960175
2293656
-1014152
-101499
-2185169
-1339219
-264100
2706832
896338
-2925218
-2089830
4471071
-137154
-338928
3392239
-1643443
4979960
-670331
-2967978
-747738
-1259487
-730620
509825
1575405
-444273
-511140
359198
-293740
-1844602
-528255
-557587
-1795306
-382359
928408
-347354
-746653
-2115883
-872138
810866
3765163
491062
-1830750
-1803719
2554317
-313887
-421937
-938312
-1204165
-963678
-347469
-2182124
-566037
-546623
-649871
1545241
1262476
-234941
-695861
826153
-390578
-1055452
-420983
-1373548
-2043253
664255
1387952
-1270211
-674271
-2485616
-1312798
-433974
5199025
1671223
-2492177
-2680489
2941973
-56991
-236656
968605
-1432569
793716
-796616
-2674373
-528917
-1984714
-731022
944307
1230540
15319
486659
679524
40876
-1508835
-277596
-310218
-2701988
1462243
1438091
-1546278
-577786
-3401046
-2478182
-518252
6582240
3069285
-4023097
-3307835
3027244
2884
69337
585983
-1622058
330949
-1707590
-2888467
-580643
-2081233
-566445
477269
1808290
-454907
-1048832
862936
481212
-1672633
-417930
-513542
-859242
-677826
856249
-416814
-685656
-1947546
-1571266
401185
1610977
882554
-839634
-1432349
1349774
-374999
-417040
671800
-675624
-586223
-318560
-1507754
-468365
-906556
-44803
1274759
1928571
-485723
-2322844
926221
725928
-2356186
-938581
-263330
737079
-1393931
359044
303261
-819510
-254529
-505331
1652435
-66330
-587438
1276844
-284454
398398
-660734
-774171
354768
11344
-2351414
1226375
-79083
-102062
812023
345559
1503506
1617612
-320486
-1342908
3341595
291743
-521467
-729848
-2113946
102768
-503904
1193817
121952
-679205
-835157
-986418
-18520
-204784
507554
-24670
-1407847
517059
-415370
-354898
3205474
-424603
3058393
467724
-1021367
-108406
-360741
194295
419400
2327394
-478422
-2552831
3670122
411491
-759833
-892084
-1029669
1620721
-1230587
-712713
988507
-636124
617194
-395350
960592
-3253111
-114731
2572652
-223954
2087112
-397589
-582674
3270424
1042043
1743115
2062300
-101880
-55950
155387
510125
-68574
1582369
-596709
-4744354
3181248
664740
-1172143
-1096916
-678812
4250380
-2197023
-2812207
1317137
-872052
1855696
240825
434196
-6230135
-898475
5182491
807503
-675982
-773821
-734708
2424798
1920238
-275092
3553654
1365043
504353
765854
934271
905804
2171423
-452674
-3927012
3489481
180365
-1079144
-763234
-843352
3775302
-2111466
-2353950
923020
-825769
992746
-121819
2462191
-6174207
-492308
4511269
-206863
1187306
-1068883
-499287
1873042
1514099
-604954
3363182
900315
99019
1340186
541877
1092151
2978237
-238756
-2573330
3609042
-9082
-622115
-517914
-1996002
1682372
-884376
-856883
390040
-549239
-716897
-1180453
754839
-4356813
1697366
1834918
-1967268
989290
-924959
-441521
2464719
420827
994795
1918732
-375233
-501807
309856
223699
127724
2216633
-140850
-2642761
3971895
151204
-594736
-911264
-1342160
1946433
-666830
-778804
380884
-685635
-323953
-697098
1228877
-5176697
1263494
1827436
-1139184
1735172
-825375
-451872
2655888
593226
307286
2065709
-169189
-592181
142868
118048
484539
1508417
-72000
-2869079
4536950
216115
36318
-825521
-1522726
2157621
-1042531
-661031
879213
-611145
102880
-1834569
1394784
-6524036
728178
1606720
-605997
2869722
-626598
-323452
3044516
769311
2034107
2631659
249792
-460890
-305032
265031
126991
1526737
-49019
-3788235
4302339
321790
-850690
-772026
-911014
3983341
-2098128
-1477938
1184519
-767007
834363
-1428450
1577909
-6791123
-77948
3024293
-165668
377061
-733631
-649307
2566802
1150070
-17893
3451102
1171567
-218424
680540
634763
590888
1431569
-105500
-5033724
4965700
959033
-998675
-663333
-571719
6006914
-2812270
-3205935
741370
-1003243
2464557
-1251995
3394639
-9603878
-1598986
5419891
1160630
844980
-1737044
-46549
3331626
1349575
570995
4562653
2237742
390296
708145
1210894
1180405
2587028
-241372
-3917596
6088210
493656
-25072
-836463
-1766387
4462491
-2422039
-2543910
1353522
-652797
2081633
-1591451
2845711
-13097434
-367325
5048830
594242
1634771
-1526984
-14769
3843854
1724529
2177065
5218905
1956602
279612
1642350
1754890
334373
3567197
-458490
-4048126
5611660
473955
-304367
-1094508
-1837900
6842607
-1959330
-1655216
1432449
-1184304
2246346
-1314672
1596511
-14916263
437708
4453580
1215671
155743
-1708143
-364091
3845524
702157
525387
4912378
2258562
190244
637669
1254894
-2061998
4906879
-613867
-5083214
6273692
939189
1013238
-1617216
-2127558
8366473
-3584668
-1917945
1174761
-1828021
3834455
-640807
3146774
-12692525
-2132662
6531298
3360031
-302809
-1808400
101888
6117397
1387285
2397722
2996726
3933207
402837
1776303
1539037
774046
3161234
