-1968933
1620019
-745209
-3765946
8745132
1064694
1104089
1286573
2322699
2429469
-845247
861949
-13657523
-180710
1247832
3144922
-61403
3335509
1935965
-4744452
3617648
162074
2660745
1022323
1237114
783992
-1641413
-2804921
-2232411
2158407
-2186598
5510151
662034
1298246
608394
-2175627
-1588905
-1747743
3336364
-459539
-168197
-584569
-2245800
-2578010
961604
2445208
2459557
933200
352459
2207521
300925
-2471539
-1195312
-1186006
2567988
258566
555537
-473285
-947928
-1375627
-583362
2573708
644287
2938585
410533
1974998
891314
-3505386
337179
-1225902
3794648
1268722
815889
-309243
-1000965
-1073107
-1818120
2894442
390364
3423127
316232
1202632
70111
-2680900
-2892057
-1472923
2812482
-274775
114438
-425537
-1946700
-1712033
574808
2461813
1388764
1541116
384667
1177518
752412
-2813019
-2247236
-1536720
2994070
104008
81476
-498966
-1607600
-2072836
-393283
2975936
1342475
2114261
-1114073
151552
2301440
-4109042
-1074862
-1251190
3731386
1579722
803587
-925082
-2962671
-1447405
-1443419
3140743
252552
2556653
-675853
1343735
2423755
-4144988
-641582
-1115242
4102731
1075742
1640881
-488250
-1714005
-1590460
-2651405
3211071
-70146
3126670
-180694
1794672
1831431
-3452179
-1923184
-1272784
3854168
402863
984732
-673619
-1085929
-2060390
-2103200
3249513
380195
2884033
413860
2164373
733752
-3097208
-2531746
-1359633
3563437
365781
722438
-865976
-332401
-2195185
-1321965
2799487
651409
3576778
-1278224
1674352
704181
-4190334
903821
-1154432
3600117
275890
1705113
-2172462
-1531977
-870529
-2391492
1420419
95951
4167261
-658943
2435879
1576656
-4595889
1206686
-805626
4158997
710206
2356586
-1693378
-636650
-1182090
-2367324
2128332
-928783
4616926
962970
2896831
44223
-3332210
-1901288
-786243
3725245
408136
898605
-1530278
182972
-1770933
-1059659
2516021
55395
4184424
1622926
2582722
-1273969
-2558743
-2180152
-858201
2705563
524750
902925
-2046417
529038
-2093026
-536422
1769060
627739
4452527
-280666
1658471
-1241539
-3415927
821391
-575756
1603577
1126558
2427059
-3108182
-1158118
-151199
-607684
123567
647335
4810457
-147112
1862624
605859
-3947482
127252
-721493
3398616
1423050
3281560
-3038361
-823937
-1262989
-968527
1598394
258046
4325869
814441
2366562
388625
-2920204
-2361234
-1073922
3276419
152742
1842196
-1340389
-562095
-2198099
-979541
2099691
427042
3630494
1688264
2223140
-810081
-2329061
-3104770
-942277
1651465
-132571
1057872
-2057536
-668709
-2486712
-500645
1529724
1200191
3716171
-353236
2198850
-313665
-3889855
2005765
268240
-199030
814148
3052720
-2215904
-649803
119003
-1349336
-2824
101905
4897230
-1259202
1249128
-85924
-3444186
2334760
-882504
379714
574216
2295934
-2577645
-2219969
-393594
-1796875
195037
1562021
3801695
474096
2315169
-155797
-2770198
-1624265
-1290026
2142456
-677713
1104563
-1647240
-1036404
-2550657
-997758
1406590
1484803
3119039
1186348
2277933
-749437
-1948292
-3237136
-1146245
1569027
-327567
797539
-2197862
259894
-2992172
-166750
1037608
1442579
2901133
-1875074
1863967
658360
-3595788
3355937
-2075479
2715482
1029127
2637488
-2939364
-322758
-825033
-3606538
-1192386
1293970
3441046
-2348649
1325828
1563655
-3849997
3288704
-1593915
1958455
649564
3506531
-3045916
-756580
-1382974
-2903755
-399951
919266
2614676
282088
2258437
311094
-2163837
-1449459
-1149651
1410159
-888828
1401897
-2378984
6583
-2332399
-1542670
610271
843641
2236906
530209
1997067
-144199
-1808633
-1098512
-1305870
1327172
-510957
1522744
-2629272
558820
-2662322
-2067115
209475
795363
2535185
-2071097
-202226
-2005286
-1461437
2892071
-1413744
-814720
-96173
758567
-3252145
-2887163
963510
-3424379
-2188342
2985025
1559553
-1844835
-132630
-2300537
-1153128
2187470
-872877
-1441600
-572231
-57372
-3574243
-3001652
634350
-3098731
-1978963
3520416
1767370
374958
2208760
-118056
-2086559
959017
-534762
-490884
-1071219
591361
-1773122
922843
-2033771
-3192460
-398919
1934273
2977359
98267
1564154
-201061
-2184129
1806265
-481932
-640543
-953578
932947
-1761736
361292
-2648603
-3428917
-317183
2039732
2523719
-2867529
-1901992
-3118126
-2033274
5619870
502401
-2620090
-2142154
553187
-3195856
-4297701
45554
-4877550
-485590
3515799
1577117
-1258637
1339100
1287643
-1410702
197135
-3026936
2621546
-1442879
466971
-4016373
-3064968
-890590
-735273
-3971029
4907993
-175907
