-197330
-99322
276134
37854
-101544
614463
-18582
80709
27370
217510
238373
-332578
1073468
-243178
-267712
976337
218647
194921
-426532
831037
322719
-303350
-223577
1104114
-173357
-198558
1233598
-172482
-294354
-567847
-395455
-1685532
-79025
330367
681819
-763418
-101319
400779
-114013
-732597
230449
1263335
-551893
460906
241827
-1187412
1282040
-1190267
-200631
109771
147751
352359
-421010
475108
-622114
-234670
126276
378709
-709278
-793278
-73585
574328
76192
-1439452
-15982
1483702
-487030
-107612
326933
-103351
896139
-1464369
-447470
105779
60526
101359
-330926
548437
-674149
-182168
63889
682766
-252989
555756
766407
760899
116693
-765237
-76534
1273421
40196
-93570
708370
655028
736979
-1116775
-110409
228693
821050
113435
-59379
-1095581
-873310
-1300555
-11089
64718
130230
-861796
1493612
308862
12037
-59095
-23209
451784
149399
57260
777962
1074222
42035
131468
-85353
-308145
1343836
-325709
-138769
519347
922
170418
-82849
413894
163238
-468182
886919
213678
-19441
197943
41667
47739
379406
-519075
591177
595964
98917
168214
-626588
68263
1781995
14835
-272060
-512449
301763
-790223
-8281
430607
114789
1050157
-180134
-131026
-25454
-461592
37666
590316
-360312
516253
-24843
-479253
-77636
-671729
-645486
92654
1258925
-115917
-275067
95590
118963
-382154
-31280
275198
-293774
-653153
-102882
-189850
-36669
-435023
43650
511151
-342128
336703
41103
-398862
-8447
-603580
-535433
63894
1309629
50446
-227386
246232
4116
-491543
45749
211119
83074
104586
55528
153210
31151
-434904
-40243
577013
-85373
285587
219672
104695
-132456
-533916
-523644
3577
1846674
61778
-438427
-610857
-127580
-1319645
-8642
442544
217912
670556
389634
135004
-1176
-589097
-83309
221985
-106857
-260408
46713
381207
-413389
-246990
-80051
4053
1228340
-192887
33161
-406785
-452104
-600347
-58847
198055
-73341
-771158
-818
-48688
-39195
-86747
-46908
-47047
-118459
-17951
195877
-136411
-178990
-159428
-146719
-67361
831566
46905
-47947
506001
127770
167409
55476
206270
-183086
-291212
253426
59254
-19459
48535
-21505
183605
-8207
111704
360857
37435
-40171
-195828
-309128
135197
1627854
159044
-44805
-872120
194526
-897071
33029
110317
-144264
-85398
107104
100538
20812
-217415
-86133
215518
-30088
243844
116428
112153
-406237
-350587
-246659
-132124
1379612
-213451
-145238
186704
28537
-298957
-42301
335396
-16449
-626956
-311396
-9226
-13973
-18961
-27178
-90423
72717
-23966
96517
-312521
-202495
-397333
-607820
27031
1388022
-117702
-298304
76650
202503
-529403
-17411
469168
-16998
299655
-75153
-162999
-22415
-216162
-27757
225959
-221099
485104
-42350
-236321
-456432
-398400
-365135
50554
1745165
216859
-261474
-784309
331566
-1254987
30869
-17024
56348
-959079
544955
76460
15722
206541
-77396
-129076
257335
353186
322434
568620
-676074
191804
-503252
-117407
1987266
-278367
-205724
-241469
312182
-509412
-81376
570826
58301
446266
361703
-84334
-11042
166847
-76191
-108506
188331
-124495
357629
476074
-428324
147184
-631317
-94208
1774085
-161129
-350325
-168560
545059
-933596
-51499
391870
376362
19848
63774
67936
-52703
24178
-70906
-35191
-108510
313330
97815
8037
-586542
100578
-688473
-17160
1972466
417
-445204
-455275
577079
-1118828
-7149
469667
164851
333887
204557
-96530
-50930
-240494
-75277
26259
-246560
310297
52057
87643
-566612
-58656
-484037
-39486
1669721
-39072
-237713
-374994
611183
-880458
-11162
261443
185132
-99336
54858
-86788
-35748
-64943
-66295
-19514
-108429
164001
111216
-23434
-435023
-108526
-560140
-41367
1245963
-105106
-217288
207023
574830
-148470
-3041
528776
-68971
395987
44837
-220401
-18490
73929
-56502
-66603
-9754
-61879
207806
-69274
-211597
-255533
-497948
-8847
1390216
81774
-299741
-382460
650446
-857090
11801
264229
190581
-205324
52730
-133019
-7355
97071
-119975
-345186
-17520
461413
-77692
100312
-1026234
73124
-461459
-35235
1731712
49201
-274334
-701867
757492
-1019577
-4408
312928
204503
192524
-35800
-106723
-3971
569108
-124843
-538517
140700
455974
-4937
71634
-1105851
334214
-352363
-48132
1153323
-37292
-174817
-211060
475896
-595622
-9775
300579
162358
-59708
-59795
-109891
-25873
524083
-57858
-397920
43027
304112
16799
-253897
-673887
77226
-368193
-55178
1089798
52924
-237766
-31998
552662
-320352
11335
317975
80560
18728
-181287
6489
-7747
694587
-79725
-469280
126758
218553
133926
-243988
-586983
138562
-508593
10039
1394566
128337
-316863
-442478
656336
-760339
20441
356434
7278
128016
-27719
-163381
19773
539251
-22276
-95683
125331
488609
164226
-230860
-423337
-188697
-556074
-79123
1592543
71108
-377432
-276653
878949
-729790
15293
445498
24375
257805
-81354
-201801
7078
692173
-51927
-391575
187527
316887
132061
-181693
-603346
55067
-448220
-7050
1340793
176684
-315408
-486838
716560
-939154
34670
223068
71789
-355791
63496
-107025
5335
555392
-34548
-100661
79708
511909
148050
-193613
-495662
-41970
-223950
-126950
1095360
148033
-316400
-88212
578778
-515067
30951
252681
80736
-419293
36167
-157305
-16560
693008
-18040
-248294
102481
274428
166936
-294697
-383566
12581
-31233
-93555
615375
155722
-133364
-142296
297073
-257125
19843
126026
248593
-771974
122531
-6896
-65377
741366
-36238
-730137
122516
30857
-53308
-260360
-783038
384059
-276939
-46922
831269
159555
-160515
-570020
541644
-749129
17689
286681
202219
-637297
383517
-174862
-59979
806436
-14623
-394859
-35995
532393
-91572
-298203
-841740
338941
-39276
-77341
598523
102383
-201324
-816440
85506
-738091
-44994
358402
216431
-628967
193472
-311260
-3168
329201
-77534
-522540
-83813
-61503
-186528
-213059
-744779
-42022
128329
-46263
-44543
124197
-61195
43657
-102097
91394
-603
47018
307066
-914766
-139974
-77628
-1715
-7277
-51427
-587532
100142
-319833
148656
-73239
-277388
-56059
