-235145
-118365
329041
45119
-121005
732279
-22223
96183
32618
259248
284077
-396376
1279396
-289833
-319068
1163565
260584
232271
-508356
990383
384594
-361487
-266502
1316011
-202088
-231535
1438305
-201110
-343206
-662156
-461166
-1965315
-92148
385229
795025
-890246
-118127
467306
-132944
-854275
268707
1473056
-643535
537385
281968
-1384465
1494896
-1387992
-238484
130506
175583
418910
-500466
564748
-739581
-278934
150119
450219
-843148
-943057
-87483
682749
90576
-1711285
-18991
1763828
-578977
-128030
388679
-122866
1065417
-1740990
-534686
126374
72269
121068
-395433
655373
-805534
-217640
76326
815908
-302223
664079
915655
909125
139436
-914315
-91446
1521620
48005
-111709
846414
782544
880621
-1334530
-126911
262984
943986
130468
-68252
-1259822
-1004240
-1495442
-12746
74342
149781
-991064
1717415
355139
13844
-67957
-26689
519458
171794
65847
894535
1235137
48310
151188
-97568
-352188
1535890
-372286
-158596
593613
994
194872
-94699
473140
186533
-534972
1013769
244193
-22218
226272
47627
54567
433677
-593300
675728
681177
113071
192298
-729817
79480
2075594
17259
-316886
-596910
351514
-920481
-9656
501560
133803
1223061
-209796
-152653
-29653
-537575
43889
687631
-419679
601402
-28917
-558221
-90401
-782441
-751960
107958
1466490
-135031
-320427
111404
138502
-445083
-36440
320617
-342253
-760881
-119888
-221260
-42723
-506790
50855
595480
-398614
392311
47866
-464679
-9873
-703199
-600725
71682
1469337
56607
-255114
276317
4552
-551441
51330
236880
93222
117313
62313
171882
34950
-487914
-45145
647428
-95783
320485
246515
117441
-148585
-599084
-587090
4019
2070376
69286
-491559
-684855
-143093
-1479451
-9687
496201
244319
751908
436846
151335
-1318
-660465
-93401
248932
-119814
-291908
52396
427366
-463462
-276957
-91343
4620
1401833
-220131
37842
-464258
-515981
-685145
-67164
226018
-83649
-880167
-968
-55584
-44734
-98978
-53530
-53720
-135185
-20484
223556
-155705
-204257
-181959
-168467
-77331
954697
53859
-55044
581025
146719
192295
63696
236836
-210223
-334344
290931
68006
-22340
55743
-24690
210798
-9424
128273
414324
42956
-46111
-224859
-347663
152043
1830700
178880
-50400
-980795
218805
-1008844
37149
124065
-162217
-96057
120451
113056
23409
-244475
-96864
242409
-33832
274292
130958
126114
-456845
-394313
-277654
-148715
1552968
-240277
-163474
210095
32094
-336550
-47622
377557
-18508
-705788
-350541
-10432
-15730
-21339
-30579
-101766
81847
-26958
108647
-351822
-227900
-447324
-696806
30978
1591090
-134984
-341967
87922
232107
-606836
-19975
537923
-19445
343606
-86169
-186931
-25696
-247781
-31811
259071
-253494
556160
-48545
-270934
-523200
-456754
-420764
58286
2011055
249965
-301313
-903980
382080
-1446323
35582
-19697
64969
-1105364
628056
88083
18118
238071
-89174
-148697
296545
407102
371609
655238
-779051
221097
-574953
-134146
2270435
-318063
-235044
-275844
356575
-581881
-92984
652268
66606
510062
413292
-96399
-12614
190676
-87051
-124005
215201
-142266
408640
543962
-489366
168235
-718087
-107186
2018019
-183318
-398499
-191726
619926
-1061965
-58595
445772
428193
22533
72517
77261
-59962
27507
-80654
-40049
-123468
356481
111211
9087
-667286
114443
-798161
-19892
2286771
484
-516136
-527807
668992
-1297021
-8289
544542
191098
387096
237151
-111928
-59053
-278854
-87278
30428
-285877
359739
60340
101604
-656946
-67997
-565670
-46159
1951464
-45667
-277803
-438274
714280
-1028965
-13048
305566
216383
-116141
64109
-101424
-41783
-75900
-77484
-22823
-126722
191666
129982
-27400
-508444
-126857
-643507
-47531
1431437
-120752
-249636
237871
660381
-170499
-3496
607552
-79249
454967
51514
-253206
-21247
84939
-64910
-76552
-11194
-71180
238781
-79622
-243007
-293622
-569187
-10115
1589131
93477
-342611
-437153
743566
-979642
13491
302006
217860
-234821
60253
-152032
-8408
110946
-137147
-394654
-20009
527395
-88823
114663
-1173109
83610
-535923
-40919
2011177
57149
-318611
-815138
879743
-1184048
-5119
363444
237487
223612
-41582
-123944
-4612
660948
-144994
-625458
163418
529540
-5742
83201
-1284328
388185
-413303
-56469
1352823
-43747
-205058
-247520
558244
-698592
-11467
352569
190460
-70098
-70156
-128895
-30355
614730
-67862
-466828
50480
356646
19690
-297826
-790446
90620
-432592
-64838
1280459
62188
-279371
-37602
649343
-376369
13317
373630
94660
22017
-213014
7631
-9105
816122
-93671
-551418
148944
256746
157366
-286688
-689632
162816
-590104
11630
1618111
148918
-367670
-513354
761575
-882136
23719
413603
8451
148492
-32177
-189564
22944
625710
-25849
-111056
145433
566886
190541
-267881
-491206
-218970
-652440
-92825
1868594
83441
-442829
-324621
1031323
-856180
17942
522706
28604
302407
-95478
-236784
8306
812149
-60934
-459524
220051
371761
154930
-213176
-707981
64612
-533202
-8400
1594855
210141
-375183
-578952
852413
-1116992
41241
265381
85427
-423225
75515
-127304
6345
660620
-41101
-119830
94833
608868
176060
-230270
-589680
-49908
-273873
-155178
1339204
180969
-386882
-108034
707647
-629882
37826
308939
98696
-512499
44242
-192278
-20233
847116
-22056
-303435
125273
335539
204118
-360156
-468817
15357
-37090
-111019
730279
184749
-158191
-168749
352574
-305025
23546
149536
295064
-916249
145377
-8167
-77593
879796
-43010
-866707
145464
36477
-63275
-308914
-929366
455886
-329340
-55772
988305
189619
-190896
-677640
643951
-890672
21023
340871
240270
-757155
455807
-207806
-71269
958329
-17375
-468990
-42810
632822
-108755
-354338
-1000205
402698
-47742
-93826
726289
124202
-244269
-990552
103836
-895577
-54583
434870
262558
-763054
234720
-377599
-3847
399408
-94062
-633886
-101677
-74534
-226255
-258469
-903539
-50983
167680
-60456
-58127
162330
-79990
57015
-133387
119369
-787
61467
401315
-1195647
-182915
-101472
-2239
-9505
-67218
-767797
130869
-417971
194330
-95692
-362535
-73285
