-197330
1073468
-99322
-243178
276134
-267712
37854
976337
-101544
218647
614463
194921
-18582
-426532
80709
831037
27370
322719
217510
-303350
238373
-223577
-332578
1104114
-173357
-101319
-198558
400779
1233598
-114013
-172482
-732597
-294354
230449
-567847
1263335
-395455
-551893
-1685532
460906
-79025
241827
330367
-1187412
681819
1282040
-763418
-1190267
-200631
-73585
109771
574328
147751
76192
352359
-1439452
-421010
-15982
475108
1483702
-622114
-487030
-234670
-107612
126276
326933
378709
-103351
-709278
896139
-793278
-1464369
-447470
766407
105779
760899
60526
116693
101359
-765237
-330926
-76534
548437
1273421
-674149
40196
-182168
-93570
63889
708370
682766
655028
-252989
736979
555756
-1116775
-110409
1493612
228693
308862
821050
12037
113435
-59095
-59379
-23209
-1095581
451784
-873310
149399
-1300555
57260
-11089
777962
64718
1074222
130230
42035
-861796
131468
-85353
886919
-308145
213678
1343836
-19441
-325709
197943
-138769
41667
519347
47739
922
379406
170418
-519075
-82849
591177
413894
595964
163238
98917
-468182
168214
-626588
-180134
68263
-131026
1781995
-25454
14835
-461592
-272060
37666
-512449
590316
301763
-360312
-790223
516253
-8281
-24843
430607
-479253
114789
-77636
1050157
-671729
-645486
-102882
92654
-189850
1258925
-36669
-115917
-435023
-275067
43650
95590
511151
118963
-342128
-382154
336703
-31280
41103
275198
-398862
-293774
-8447
-653153
-603580
-535433
55528
63894
153210
1309629
31151
50446
-434904
-227386
-40243
246232
577013
4116
-85373
-491543
285587
45749
219672
211119
104695
83074
-132456
104586
-533916
-523644
389634
3577
135004
1846674
-1176
61778
-589097
-438427
-83309
-610857
221985
-127580
-106857
-1319645
-260408
-8642
46713
442544
381207
217912
-413389
670556
-246990
-80051
-818
4053
-48688
1228340
-39195
-192887
-86747
33161
-46908
-406785
-47047
-452104
-118459
-600347
-17951
-58847
195877
198055
-136411
-73341
-178990
-771158
-159428
-146719
253426
-67361
59254
831566
-19459
46905
48535
-47947
-21505
506001
183605
127770
-8207
167409
111704
55476
360857
206270
37435
-183086
-40171
-291212
-195828
-309128
107104
135197
100538
1627854
20812
159044
-217415
-44805
-86133
-872120
215518
194526
-30088
-897071
243844
33029
116428
110317
112153
-144264
-406237
-85398
-350587
-246659
-311396
-132124
-9226
1379612
-13973
-213451
-18961
-145238
-27178
186704
-90423
28537
72717
-298957
-23966
-42301
96517
335396
-312521
-16449
-202495
-626956
-397333
-607820
-75153
27031
-162999
1388022
-22415
-117702
-216162
-298304
-27757
76650
225959
202503
-221099
-529403
485104
-17411
-42350
469168
-236321
-16998
-456432
299655
-398400
-365135
544955
50554
76460
1745165
15722
216859
206541
-261474
-77396
-784309
-129076
331566
257335
-1254987
353186
30869
322434
-17024
568620
56348
-676074
-959079
191804
-503252
361703
-117407
-84334
1987266
-11042
-278367
166847
-205724
-76191
-241469
-108506
312182
188331
-509412
-124495
-81376
357629
570826
476074
58301
-428324
446266
147184
-631317
63774
-94208
67936
1774085
-52703
-161129
24178
-350325
-70906
-168560
-35191
545059
-108510
-933596
313330
-51499
97815
391870
8037
376362
-586542
19848
100578
-688473
204557
-17160
-96530
1972466
-50930
417
-240494
-445204
-75277
-455275
26259
577079
-246560
-1118828
310297
-7149
52057
469667
87643
164851
-566612
333887
-58656
-484037
54858
-39486
-86788
1669721
-35748
-39072
-64943
-237713
-66295
-374994
-19514
611183
-108429
-880458
164001
-11162
111216
261443
-23434
185132
-435023
-99336
-108526
-560140
44837
-41367
-220401
1245963
-18490
-105106
73929
-217288
-56502
207023
-66603
574830
-9754
-148470
-61879
-3041
207806
528776
-69274
-68971
-211597
395987
-255533
-497948
52730
-8847
-133019
1390216
-7355
81774
97071
-299741
-119975
-382460
-345186
650446
-17520
-857090
461413
11801
-77692
264229
100312
190581
-1026234
-205324
73124
-461459
-35800
-35235
-106723
1731712
-3971
49201
569108
-274334
-124843
-701867
-538517
757492
140700
-1019577
455974
-4408
-4937
312928
71634
204503
-1105851
192524
334214
-352363
-59795
-48132
-109891
1153323
-25873
-37292
524083
-174817
-57858
-211060
-397920
475896
43027
-595622
304112
-9775
16799
300579
-253897
162358
-673887
-59708
77226
-368193
-181287
-55178
6489
1089798
-7747
52924
694587
-237766
-79725
-31998
-469280
552662
126758
-320352
218553
11335
133926
317975
-243988
80560
-586983
18728
138562
-508593
-27719
10039
-163381
1394566
19773
128337
539251
-316863
-22276
-442478
-95683
656336
125331
-760339
488609
20441
164226
356434
-230860
7278
-423337
128016
-188697
-556074
-81354
-79123
-201801
1592543
7078
71108
692173
-377432
-51927
-276653
-391575
878949
187527
-729790
316887
15293
132061
445498
-181693
24375
-603346
257805
55067
-448220
63496
-7050
-107025
1340793
5335
176684
555392
-315408
-34548
-486838
-100661
716560
79708
-939154
511909
34670
148050
223068
-193613
71789
-495662
-355791
-41970
-223950
36167
-126950
-157305
1095360
-16560
148033
693008
-316400
-18040
-88212
-248294
578778
102481
-515067
274428
30951
166936
252681
-294697
80736
-383566
-419293
12581
-31233
122531
-93555
-6896
615375
-65377
155722
741366
-133364
-36238
-142296
-730137
297073
122516
-257125
30857
19843
-53308
126026
-260360
248593
-783038
-771974
384059
-276939
383517
-46922
-174862
831269
-59979
159555
806436
-160515
-14623
-570020
-394859
541644
-35995
-749129
532393
17689
-91572
286681
-298203
202219
-841740
-637297
338941
-39276
193472
-77341
-311260
598523
-3168
102383
329201
-201324
-77534
-816440
-522540
85506
-83813
-738091
-61503
-44994
-186528
358402
-213059
216431
-744779
-628967
-42022
128329
-139974
-46263
-77628
-44543
-1715
124197
-7277
-61195
-51427
43657
-587532
-102097
100142
91394
-319833
-603
148656
47018
-73239
307066
-277388
-914766
-56059
