1549676
874524
140879
2207382
261485
984283
-1355891
1397570
899485
-1479315
-1247340
40175
1128269
-12025527
3575611
-720223
-732339
714740
-585901
121198
1666856
506052
1204184
-3520642
-1849313
2525833
158382
-1206406
62160
-2006477
4060909
3211105
1107435
2160769
-1742521
-274849
199981
-892851
2163749
206399
-3274701
3784385
-1077451
-5128553
5497176
548180
3927587
-9897659
6627029
4316344
-767996
-1701314
201851
-1278223
1268227
1839006
-2010999
-44973
-3336447
-1114729
-1077053
2055324
983775
457107
2409750
1720555
-608086
-4421950
4624985
2631684
2868454
-7253670
2120287
1782778
-36592
1413057
2269010
-1369451
-1779048
2477898
-3116248
2299387
-2029055
-566392
-1267846
362842
232294
2342161
1235205
3282838
5097096
-2755327
2703861
1735885
-125912
-3769658
1878214
3258371
-513693
1126132
1478322
-388622
5691162
1309271
-2223173
3189290
-880507
-199557
2805670
-5166961
1987469
569265
2715090
2539699
6175879
3189265
107698
384649
-840029
48950
-1027375
5419806
-636447
-1400236
-792507
135099
-2730480
770010
1161904
-3121422
858542
-901398
1912112
-4972147
-251638
-405346
1448543
626476
4589152
615977
1318097
-1956734
2118135
1012647
278174
752161
-326355
151385
2908772
-1659392
431366
1344491
-1147792
1571006
2237343
744886
169029
-1689758
-464765
810507
437536
1430845
-1389707
-737222
865170
-1943505
1717424
-2222467
264548
5757297
480012
-2249578
796539
-2420633
2546895
535813
-3494333
-3190704
-870873
-388057
-281459
-1962172
9321
21535
445327
1535754
-1601191
-1625853
1059816
-2044609
1572479
-1853044
2462452
2444738
253693
2740971
2673574
-3998393
328953
717041
29019
633750
-719017
-143543
463290
-1955354
-561304
792822
1201896
2133363
643826
174432
2087722
-900109
1590879
-1189624
1339577
2489979
363183
-1478847
2653676
-3959335
2171428
1812268
-126411
3083683
1326422
-152604
-335083
-3098780
-594985
1710190
796646
2546025
1380009
-450822
-66847
-559523
3256220
-392491
-676668
4680340
-742059
-137778
-1800869
-1315075
2545078
1288638
-1294436
-905079
-767031
505120
376881
-3731174
-1703430
694576
-256756
2984935
-732400
-1254113
-641416
-1200337
1112933
169552
2700618
1692721
-1253587
1474793
-1502009
27235
-1436272
1407778
904054
-2937460
-539316
-227654
329487
-3747540
-1104135
527114
59916
2378610
857139
-891392
251078
-1151592
335119
-111131
2516098
1179284
-1200239
929431
393604
-356690
2846377
1557614
-306219
241878
672984
1481362
-17423
-2651673
-1358188
1671597
-563493
2565420
1020166
140105
-214899
-1043029
1810795
106941
-359684
4333594
-921019
-359945
-349364
-834631
-138705
1186694
-226650
-2086181
-760447
-34931
-450144
-2428709
-2531016
-26492
-1385524
2213646
-363885
-1831993
482888
-2566406
1826579
365645
-1116049
1639810
-662810
722036
2452054
-1501289
288413
936173
-2291969
847652
-1267231
1587574
-479690
-2742844
-1012388
835596
-383990
2160384
-723116
-301665
-359128
-2042452
1029888
-342888
3629548
2767449
-400864
-203252
2373654
-1122700
4605416
1000709
891175
683614
-944371
1485432
2274803
-4764735
-760250
352488
661698
2563572
3505846
3965045
-283552
-1687364
209498
2227302
-2116569
3622624
-594981
-845013
1728119
-942628
-1289869
1402424
-895763
-344275
1377433
1246844
-178151
-4688920
-817723
366580
63222
3129981
1079491
-436274
687193
-2081057
1098682
2692077
-1865176
1250186
-467242
223666
3194928
-814471
1034129
1163845
-532044
676341
-726607
1508245
75319
-5204416
-1543759
978929
-84354
3682596
-336272
170878
506936
-410040
839715
-357690
270042
1083666
-1112364
-393464
4366201
-659190
956616
1601834
-732576
1631963
288447
895328
-497517
-4408638
-291375
660315
-139995
4256786
-576432
-249020
-422089
-648074
382159
-234532
-214365
314478
-1498823
-81158
1160539
444641
1704897
1719360
-192832
-1015329
185997
519482
-210849
-4072753
-1853033
1304034
-258
3523430
-400710
-631879
-712299
-1618292
382826
704563
-743111
392533
-1616260
491265
1338492
1727168
-1937059
1776218
-1602871
-1913534
225065
573877
-937272
-3136227
-2064722
1272217
-1105938
2691376
-367065
-2349296
-1607452
-2764929
676932
2077971
783401
-468781
-1592519
-137985
2100624
2256654
1746943
1680562
-476495
-655543
-29336
494338
561316
-4304798
-2174859
1017723
-508268
2310971
600077
2389664
-2587958
-1765384
596652
2106569
154698
-1152945
-2167567
-1178827
1069023
2487348
1797824
2232584
-142253
-869825
1615530
179958
535723
-5375836
-3113412
696160
-1039143
736390
534492
2380685
-2680419
-1669018
819016
3115510
-792855
-876831
-1883120
-29075
-141487
2402743
1075597
1937483
-732039
-1444211
-91086
550947
-188916
-4595773
-3006279
381341
-1839466
-198247
153690
56164
-3005863
-1789948
1080686
1640095
603150
-489289
-1652055
-260512
978738
3000177
-92626
1360419
-442324
-1396182
265347
704947
-194323
-4700107
-3447018
-339836
-2031417
-915957
-149080
-449449
-2474185
-883372
1182855
1629798
1109922
-561724
-1578629
-1022597
1817516
2458505
1271582
1889209
-914574
-490205
474131
1072397
535655
-3072433
-2171133
148654
-1722178
-1337973
903006
708350
-2260963
-2704458
1103737
2030157
674542
-658725
-1814624
-1729038
1572222
2321090
222674
2299999
-262520
-1357692
774327
736682
455269
-4006260
-2897102
128525
-1967302
-1213004
501651
630628
-2901333
-2748620
1390658
3160440
1930137
-696602
-1754875
-1033897
1433067
2640127
2466679
2142468
-89926
-1103927
-161619
617078
988692
-3978798
-2625090
1243053
-1266918
-901623
1090407
1341063
-2838709
-2180107
936375
1879817
2000078
-437339
-2027378
-1323136
668998
3483343
711817
1624439
969602
-1161371
-512110
807459
153860
-4381422
-3229075
883665
-1711424
-1317682
649192
-364416
-3403603
-2562513
739400
2228989
2166941
-364826
-1965348
531223
881578
5836221
356628
1126256
988447
-1141953
-148754
354447
-269043
-6187164
-3496049
-100410
-2484086
-1383127
1205700
-54460
-4081033
-1342899
2019310
1325286
1669165
-810557
-1833781
375606
1982720
6294923
769507
2860765
239461
-941575
-86390
863962
545448
-6213703
-2637362
2261177
-2712184
-2181927
1730767
1644974
-5954080
-1723749
2074293
1627077
-249510
-82225
-1719101
-2477171
936168
7766553
2083390
2104274
-1141388
828527
-2327
1959235
-431965
-3467698
-3216908
1796992
-2235334
-3288074
841716
-215796
-8174813
-2246860
3042759
3048013
1257484
-527246
-1822244
1260231
876115
7502391
662719
-142423
-306888
-228932
-1096775
749035
2275764
-2849292
-1965705
-2584667
-315483
332168
4185
752354
-2100641
-1695633
2200754
1762348
