-501429
-386189
344858
152908
-381536
1121568
-31357
106681
392691
529190
524618
-431078
2395454
-822392
-3249958
1698195
2044285
293155
-1017634
1197869
612796
-702458
-311172
2843933
-430982
-755342
1507282
-681663
-1082056
-1014054
-652891
-2179721
-1109271
786376
1468101
-968112
-221203
1326053
-1354155
-1246676
2108012
1858915
-1288235
649983
449258
-2690157
1745728
-2999513
-508521
425737
184055
1419730
-1577856
865002
-1047147
-309397
1807123
919040
-1557035
-1025613
-163790
1937360
922608
-2497355
-149045
2225781
-1159022
-154720
619220
-238718
1244071
-3762285
-1139956
412347
75782
410483
-1246571
1003607
-1140527
-241402
918982
1665374
-558207
722195
1714611
2579818
1420248
-1334413
-717394
1920080
96147
-135218
1348522
1520697
1028340
-2883887
-270673
857888
989266
442073
-215247
-1929288
-1421785
-1658500
-153482
151909
276517
-1077682
3215588
1007727
140983
-99165
-209350
655533
343883
79628
1425190
2399900
56442
326698
-207998
-1149041
1609503
-1261773
-500031
909100
1492
216025
-1139942
965710
344534
-581973
1898053
693012
-226338
330182
373606
68856
868098
-717537
1076550
1323491
132029
415522
-1556038
259396
2174946
58563
-999002
-914117
497656
-1020787
-116104
1023848
246892
1330268
-392841
-433046
-301994
-784636
344173
867654
-840119
727232
-46101
-1084581
-105599
-1690915
-1603311
352155
1536861
-457709
-1010255
170551
196231
-493760
-438690
654474
-631994
-827546
-224417
-627597
-435126
-739630
398928
751457
-797890
474405
76292
-902845
-11492
-1519689
-1280906
233889
1539799
191842
-804340
423126
6538
-611674
617949
483567
172126
127623
116654
487795
356027
-712159
-354227
816999
-191759
387546
392699
228244
-173557
-1294714
-1251759
13082
2169597
234760
-1549693
-1048908
-202532
-1640925
-116643
1012879
451167
817648
817946
429508
-13435
-963924
-732756
314074
-239833
-353112
83444
830435
-541255
-598487
-194785
15089
1468971
-746110
119312
-710999
-730559
-759871
-808490
461417
-154562
-957152
-1747
-157672
-455634
-144482
-419974
-67756
-270633
-24777
356162
-302481
-238549
-393230
-359158
-252319
1000463
182529
-173550
889743
207708
213169
766757
483453
-388173
-363627
544796
193043
-227569
81325
-193696
266017
-18864
155110
660100
83511
-53861
-485920
-741221
496040
1918354
606227
-158852
-1502100
309750
-1118879
447159
253263
-299597
-104449
225526
320832
238402
-356838
-759910
305857
-67737
331660
208613
245063
-533515
-852106
-591984
-485214
1627320
-814363
-515413
321869
45483
-373222
-573227
770701
-34191
-767530
-656307
-29469
-160212
-31149
-239997
-128445
163860
-32628
173098
-683519
-266186
-966620
-1485563
101093
1667310
-457308
-1078046
134568
328680
-673053
-240272
1097895
-35981
373580
-161304
-530201
-261724
-361632
-249616
326866
-507372
672548
-77347
-526354
-611012
-987016
-897097
190054
2107299
846978
-949896
-1384158
540980
-1603880
428224
-40045
119904
-1201950
1175789
250010
184536
347347
-699658
-187697
593619
492223
591972
1273115
-909783
477676
-1225874
-437614
2379140
-1077920
-740980
-422507
505004
-645470
-1119217
1331313
123001
554498
773740
-273400
-128501
278194
-682878
-156436
430731
-172022
650981
1056802
-571467
363421
-1531154
-349624
2114704
-621234
-1256335
-293656
877892
-1177816
-705228
909976
790582
24555
135832
219285
-610666
40138
-632754
-50515
-247094
431068
177276
17763
-779164
247266
-1701858
-64907
2396345
1638
-1627265
-808393
947321
-1438620
-99778
1111585
352936
421000
444053
-317569
-601454
-406922
-684665
38418
-572245
435097
96160
197430
-767150
-146975
-1206192
-150562
2044965
-154779
-875898
-671237
1011428
-1141284
-157052
623781
399567
-126267
120050
-287830
-425584
-110774
-607855
-28782
-253692
231823
207100
-53216
-593756
-274132
-1372101
-155054
1500025
-409285
-787024
364267
935093
-189180
-42067
1240160
-146326
494786
96453
-718526
-216376
123959
-509257
-96563
-22433
-85981
380384
-154639
-283894
-634492
-1213587
-32993
1665227
316818
-1080182
-669555
1052747
-1086577
162390
616571
402287
-255254
112857
-431461
-85637
161939
-1075865
-497925
-40090
637895
-141495
222792
-1369908
180649
-1142635
-133502
2107433
193667
-1004424
-1248367
1245599
-1313231
-61626
741884
438574
243167
-77847
-351700
-46977
964584
-1137416
-789219
327109
640453
-9136
161643
-1499784
838859
-881211
-184187
1417572
-148255
-646452
-379148
790366
-774832
-138034
719722
351668
-76167
-131322
-365757
-309124
897142
-532400
-588992
101030
431415
31394
-578639
-923071
195767
-922352
-211508
1341749
210757
-880714
-57579
919405
-417442
160325
762661
174788
23930
-398815
21633
-92717
1191019
-734843
-695789
298140
310564
250703
-556991
-805387
351846
-1258231
38004
1695636
504720
-1159108
-786311
1078306
-978462
285534
844278
15595
161547
-60222
-537936
233697
913169
-202777
-140103
291118
685683
303603
-520473
-573633
-473199
-1391164
-302892
1958126
282796
-1396200
-497158
1460277
-949709
216024
1067106
52815
328990
-178734
-671905
84589
1185309
-477986
-579808
440487
449700
246885
-414231
-826742
139645
-1136767
-27359
1671265
712339
-1182810
-886906
1206864
-1238978
496473
541669
157690
-460279
141419
-361246
64644
964164
-322389
-151100
189804
736453
280584
-447481
-688531
-107898
-583656
-506267
1403029
613302
-1219287
-165137
1001714
-698259
455457
630515
182239
-557404
82775
-545614
-206179
1236276
-172997
-382997
250768
405702
325110
-699908
-547525
33237
-79032
-362239
765300
626391
-498984
-258638
499203
-338438
283503
305327
544811
-996407
272280
-23223
-790324
1284079
-337394
-1093492
291075
44290
-100799
-600372
-1085247
985087
-701706
-181925
1035180
642672
-601379
-1037465
911401
-987356
253070
695481
443774
-823681
853370
-589666
-726040
1398658
-136325
-592156
-85632
765201
-173384
-688559
-1168170
870528
-101596
-306123
760905
421001
-770022
-1516990
146882
-993122
-657136
887631
484880
-829890
439488
-1071538
-39154
582879
-737935
-799999
-203554
-90243
-360550
-502234
-1055191
-110181
357622
-197272
-61007
550201
-252160
87391
-188946
132485
-9492
125455
741143
-1300338
-342556
-287912
-22841
-13880
-527318
-969071
262021
-505587
309568
-185995
-423395
-158356
