-1400817
2328610
-162823
-348443
2468671
402007
-2125609
-2338738
-1366914
211388
4504899
438747
1228314
2534127
-296286
1441762
-2413753
336057
1086837
-1480636
2498453
-2277718
-953569
1532789
-1240004
864096
-418436
-6891815
6598071
9048095
153719
-3614245
-1706406
-541710
6292723
3232694
3374043
228015
3741455
443542
1398053
706771
5438121
-907398
-2568335
-7984848
-3152053
3035134
641407
375910
-835699
-461490
1332939
-5012751
1491171
-1439399
-4049103
-1012205
4803213
1461237
584363
-1114981
366241
374388
-1100791
-1590567
1358308
-3499097
4426499
-5980877
-2009839
2376961
236392
900515
571858
1843099
-1245452
-3831102
823108
534257
-3188266
-706863
4238430
-3123442
1735883
1253711
1410809
39348
1612409
-162410
-1062421
-1797045
4584229
491283
-1389552
1054809
888352
876585
1063069
-2392486
1121000
-2519255
-7500048
-1063187
-4049813
211082
1427380
-1744309
3795107
2061776
1947880
-1219750
7122950
759081
-1881484
461940
-235307
4270714
-402831
-436334
-325399
261635
-1547711
6577374
877515
940235
-2208101
-670519
-3117739
399145
-1479802
1692918
1272357
730996
-96351
-102678
-718186
-1520544
214462
-2318998
600049
-73366
-944622
750295
447696
809349
1731961
3938947
608613
2684322
737473
-728950
-2607698
349186
1553978
106386
3230416
864241
3961839
-432304
1784592
770587
1845639
-1919268
-742780
-1201502
-1392704
784149
-208462
1266899
6499
1520416
189440
-368748
117325
-13771
-2929639
-258086
1346816
-211081
1656310
-1111906
4773624
-1337706
-3411093
-50082
-112104
-3319626
-211642
-1232831
-1412913
860803
642689
2204958
677789
1984484
450782
-53448
-1565296
206058
-3312106
148445
1919131
187258
1928391
2050078
3448260
726968
-2612337
-212109
-1134046
-5006332
469798
501299
-1250527
494216
-89213
1641101
1468314
122218
1977108
3562868
266624
-1288419
-1941580
104091
2693171
1274431
2959166
-714544
3321610
-121270
2992363
241050
-482126
-3259293
597010
-781345
-848114
272952
732997
-152603
-1912915
625309
622543
967471
-793809
364881
-1482068
-63443
-472797
-1333509
1632803
-1390685
444175
-223329
1853147
-12479
-608834
-2640473
1389558
-1136290
-1336728
472082
337052
-168094
-2091839
3759844
-315334
2099460
-539867
788768
-1767479
54078
-1207848
-1399963
978352
712266
62768
320713
-3183143
-557758
-956047
-4249400
2420930
-420776
-1430548
328703
260831
134228
212777
1011795
674788
4061510
-166771
-655217
-767726
111798
1174170
525502
2483494
892957
2517009
-604007
-1094680
1958923
-350717
-1399931
895516
280066
-1157808
-40362
375429
151269
-887070
3316818
-470408
1872818
366555
485404
-886834
-98944
404421
-343985
342317
251557
2342611
-520889
-4372475
-134176
-1119515
-2905319
657375
-1146880
-1464893
837450
1026492
834067
1288472
1280409
-772309
-639728
-157716
1175373
-2561176
-221303
1606705
-1406944
1818689
1894581
2891151
-457323
-1702584
1131561
-1447691
-2362755
1316930
1192593
-819887
125009
400160
328876
1209451
-1479875
254110
375327
-4668278
274511
-2805383
101631
-413541
-2078065
3141193
1742197
2185413
-341093
340056
1357616
-2604736
-2497066
1573037
4126385
198693
-572633
-473441
106787
149993
3690523
1290691
3506136
501477
-1350920
-1951211
400765
335433
-428937
1965342
848414
2260997
-246739
-502978
498258
-866189
-3358279
1807404
-707657
-1189510
648780
339465
886923
979321
1204741
-29091
-97319
-339708
851547
-2015571
-29986
1472179
-1456457
2670398
1239276
1166944
-67090
615213
1209147
-1226369
-2681106
2182965
409107
-1018223
-96013
168670
306275
1956615
826380
143132
1554750
242055
274556
-2025308
272614
867442
-1763726
1210655
189894
1166769
166150
4022297
933008
-1059280
-3377532
2922818
435908
-701811
164674
-68525
-436034
-33157
1386332
452516
1234279
81184
511502
-1760366
27602
-274243
-1321767
1234764
15314
-537822
69088
1481818
229148
-437572
-2863012
2928334
-293909
-798713
111294
393964
-447253
-249776
3680937
-295934
1239820
1033258
744212
-1252381
-133752
-1102427
-1021221
254267
1284117
-869542
33791
-3336821
193569
-591846
-2329081
2275944
-1139186
-1543595
240812
1084959
-623388
557675
-611995
-1097737
909860
-1530915
1515908
-1531783
58815
-2696454
-843175
-152660
1345478
-572011
-75972
-2980263
-26753
-1356453
-1944414
623070
3924445
-668055
-681531
297639
-920315
34257
1117930
-29288
4539613
-978672
1030752
-681579
-90378
-3470505
-266493
-266580
247225
-451044
-95602
-3082214
145925
-839882
-1585749
1034319
2398526
-809102
-217673
364930
-986961
-918615
3056692
-300075
3391406
99618
1141110
-446112
-251045
-3018528
286860
-616874
838466
-598656
-929918
-4006281
610209
69839
-208098
-391138
137845
-663406
-76467
319034
-570185
-185353
2890371
-909591
3010430
1012
2024156
-610600
-265380
-2522969
-88792
-741112
2155854
-1042566
-124871
-4354813
387328
-268694
-1036810
-3037367
161637
-433134
-27807
333326
-316968
342995
53875
-49398
1978299
-905775
603625
-818084
-138208
-2702494
83931
-482032
2568699
-1107479
417393
-2601125
465088
43410
-841024
-4068150
1627861
-431216
-310122
715989
-346739
-53837
306983
70557
1917645
-699272
744065
-800709
-86243
-2820557
200277
-146093
1765909
-1012594
784821
-2865815
270331
-432100
-2283358
-2372656
1214107
-249020
-240785
941065
-302677
63004
-1522980
-129595
1062550
-1483472
1047735
-990898
-405235
-2937555
-229885
-194701
879529
-1344259
791699
-2876740
424467
-994053
-1801584
-951157
1759003
-261189
-414133
672694
-635703
-412082
1207334
-195446
850951
-40434
1460717
-369713
-401757
-2885830
238463
-75011
286229
-1588395
-1043039
-3439775
879335
-308751
616032
-1144820
113457
-508855
-17967
710430
-667239
-413577
1730526
-220152
1245986
409445
1743230
-48402
-353752
-4694043
1994906
-542570
2845504
-3970485
1140442
-3498179
-200577
-747076
-1099559
-3651499
868092
-510519
140333
916649
-12877
443991
-809374
-884694
327492
-970758
1574638
-98622
-77564
-5119979
1647192
339210
3943868
-2538999
845428
-3951474
325213
207723
400078
-4748765
2103736
-1074988
-334900
1478514
118157
-185408
-3436251
-1108256
-883988
86497
1637673
-823560
326343
-5121487
2300559
64078
-310031
-2350213
-1399214
-639612
2373877
1502726
6949403
-3187273
105702
-935589
-272987
1685371
-1019330
-304055
44523
-677472
-2530316
-3476426
1991194
-1801418
-449903
-5465303
748391
-675422
2546739
-3438925
-2496596
-877337
843753
-249264
7650527
-8242105
1349444
-1348395
-290053
