-159363
223844
-55574
165938
-206994
-211285
-224338
911543
17618
373803
-36077
69032
117544
-170230
322072
-91980
-866037
-122282
-229505
53220
-1610812
31414
-88355
-1369232
68598
1483761
92857
632849
55732
1230851
-228508
-170958
122648
112162
-1636186
322713
222336
-3163345
-130531
2423028
76613
13851
8491
-77143
1307929
-516438
13520
-195352
-679391
-109212
-302957
10472
494607
34332
-955313
1173559
515128
-163539
-52145
669442
461497
846695
-423244
-366374
225945
-95346
-189191
447874
241189
-643795
558520
368262
-137292
-18562
-767625
146906
87429
142621
71519
132233
-365792
-159296
114477
312617
-1389320
104043
-259949
-212034
132108
-66525
474966
747176
-486208
1446999
-387829
-7901
333995
-167359
-331877
594966
-43157
-38830
1198639
676646
168773
112216
-318436
13348
444608
552888
363281
-4255
-399804
-151462
-121643
88623
-419482
127930
296180
589124
239116
13544
-48720
554299
-495509
1860494
-211635
-31176
-2958
61338
167298
544241
-960902
-224342
330009
1228791
157936
48346
-564260
42188
161275
-46603
14100
-67016
-151972
133838
-103189
-22895
1010396
13950
1099980
1827780
521660
-666159
-149846
597050
220473
938395
685810
37090
448820
-83522
-110207
738503
-276144
237038
-1168495
-140101
32867
61696
-459166
113641
-125970
-133210
-156779
26145
-564235
-212404
531671
263451
-718073
33860
276693
-17504
151865
633335
-68412
749275
-138163
83358
-98810
301915
369004
-91447
-213246
344716
-24048
167845
-321103
1360195
154174
56602
-270263
-88511
134799
-391156
-60030
-209782
-487916
101413
-165564
-397780
483119
87905
-124298
672252
296400
-48537
400372
631485
-213743
29580
108699
-100861
142744
31636
24808
326587
-133977
208889
86417
665018
73549
33204
-290655
-41584
71436
-229783
-91724
-88385
-520299
-97086
-118616
396598
409744
71035
-35136
-531339
175733
336812
1000172
433586
133151
-275805
76954
14953
189181
276618
-52725
619058
-300653
88045
30773
754640
100940
178632
-43671
-224808
107568
-430230
103652
-152466
-919511
-211467
-114993
-91728
605461
21151
148843
-137488
118272
905212
1295936
117255
-200310
-435531
-539993
74164
103956
184545
27989
210536
-76590
-99070
-172305
1325928
69159
80746
204961
-27485
230293
-526965
204885
-159162
-235889
516412
-107350
-139348
970873
7641
-59683
1607401
209234
-411855
1756787
171700
55108
-220727
-92207
-165399
-85373
146937
186005
230074
-181439
142091
302698
334903
-3863
-173993
437166
168739
-199590
335123
-264150
-47567
157951
307605
313352
146137
-248603
51814
101310
912663
110253
-707659
1486959
294980
270892
-394692
39748
-87733
268163
65044
103385
275825
-187027
507635
-16494
-159778
-14098
9243
285622
18411
-112124
400279
-175213
-61371
-186319
-457841
337301
30561
-541398
121228
260050
-616031
-67559
-129500
821577
405473
-77173
-211175
-271724
300553
97797
-160243
105005
-50239
-195331
154353
-91830
833082
42906
-84946
171634
-65311
187243
-148889
59034
-148934
33449
-131609
-167465
-369272
309314
144511
231717
108910
161009
-401104
529475
343880
-212558
45027
105392
-207809
201660
-237592
149528
-64333
-68705
650542
-81475
-57302
22734
33064
-213251
15520
50603
48423
-76922
109
-85081
-309811
169885
296092
-134172
101203
72682
-699786
-33690
37144
727240
264702
-185589
-80674
-331014
54614
221077
-116115
351198
41435
-279381
609249
421454
445616
183354
105485
-470006
-67801
330073
-187222
93099
-42093
-177671
-71944
-236244
-134219
186701
96053
385234
-161675
18712
320656
918827
107120
-297346
-62271
-124132
-43093
-93820
-54602
486228
-31482
-869001
292435
-82410
742712
124862
70192
-487730
-31363
404309
-142186
-71705
-114512
-220987
69254
-226180
-30195
417672
83226
817722
403040
114680
105110
1171364
167734
57346
-1729
151118
-101798
137241
59599
61959
115043
-61974
151147
-1040044
463281
-33233
19020
-624535
70056
522839
-327776
-35062
-122101
-336027
-34394
-36369
136989
180365
83538
77706
438390
27166
460637
1419067
149077
-179962
-163674
-107329
59016
112445
74187
143638
39398
-281347
352851
118539
524476
104808
96059
-699606
-74840
618089
-291727
62381
-100555
-441360
-30010
-38874
-49033
121546
80652
284127
485629
51325
862811
1247528
160252
-65072
-121321
-75828
-40834
29742
151511
376651
14876
-235893
387588
-326338
879670
82987
75631
-642932
-74856
688739
-438885
78537
-124482
-231734
381421
-39206
-49059
277544
43951
274247
1015383
103965
143854
1835786
-40979
-5819
26220
131769
-118048
118728
170065
372044
-12987
-189257
471919
-112425
526872
-81167
-23607
-434585
16443
274206
-178438
-154685
-24231
877
150216
297018
-2941
-284010
71470
271665
450509
72558
-246208
1304682
299961
-41708
13868
-40311
-93351
303472
132343
511709
-37256
84649
952407
388
84678
-41294
-21502
-219548
34773
36660
-107864
-142264
27337
46422
-260497
536213
38620
-430104
110103
193136
-346502
-94397
-16595
601504
375976
90825
205377
-369625
144921
80567
-66829
1344359
-187591
-528928
1029298
327971
184916
8381
-23518
154296
26158
-50332
-84750
-82824
36103
143921
-27679
198397
-34060
-221994
119462
859650
-235084
4162
-446623
80359
359701
-139962
504924
-270257
-31859
217739
-68487
1595263
-205819
-484933
1154080
-623676
58100
-138362
-58311
336922
73775
-197515
-18850
-39611
241133
283879
-53501
315688
2100
-318778
108113
689232
-394512
-13754
-775116
106771
511533
-60344
473810
-71711
-93745
240262
-30814
1292961
-72950
-300047
1224599
-349583
-410086
-111800
-93873
516458
162336
-360043
-16350
-114717
265313
309231
-300428
395894
76278
-672245
112369
417363
-759848
-138133
-725177
-519747
708730
58781
449286
228586
-133625
171881
-267575
1204155
-74441
-343872
1329575
-215941
-350404
-39835
-63579
334920
20121
-207910
-43842
-97304
234342
8617
-403504
175056
42289
-911073
118835
391516
-964731
-167326
-408256
-873254
539093
152112
399639
18824
-124294
-76110
-487200
1402485
-59996
-426376
725964
-186135
22288
29852
-38614
248632
-103199
-42100
-68014
-104075
190296
-20713
-301084
-212727
-80011
-743425
132544
557210
-684381
-59458
-469055
-796874
263790
126254
407309
-30036
-112118
-206545
-327382
1411346
-11617
-357790
844221
-300595
-116614
-58652
-57145
376204
-34230
-163347
-85703
-114392
267749
34035
-284714
136500
-84170
-589469
108470
520578
-536250
-73129
-581996
-351337
153090
-22335
313110
-105247
16202
-371684
-285739
1735416
-71815
-505030
1030990
-164417
-28269
-113449
-97958
449557
35497
-283888
-143795
-220032
296074
152958
-188914
308594
-86183
-725791
124705
606249
-907960
-59460
-785296
-309042
245772
21321
374755
-94306
-82739
-308956
-272309
1530844
-55747
-290134
1241945
-253738
-79965
-250922
-154034
415878
102171
-464330
-127299
-256647
373160
513328
-367036
483094
-27653
-603057
153072
417440
-843941
-111510
-1169441
-691327
587591
-16807
500800
15650
-224722
-145135
-281168
1740227
63646
-159422
1385509
-376093
-110867
-193794
-152173
862850
279749
-745083
-232935
-73534
529716
410286
-434912
801287
51553
-958123
133106
569910
-428241
-347358
-1151332
-1157611
653115
-15960
656223
-785392
-197612
-175756
-570075
2188140
-67926
-507656
1390833
-182310
-5267
-172987
-261667
536181
190440
-642306
-205175
-97134
576064
274126
-406647
616562
-82744
-799665
146892
708451
-766445
-206349
-878150
-1596966
741156
50224
876500
-786993
-316813
-78622
-526094
2818016
-34811
-413641
1230661
-302841
-129364
-154852
-308196
395422
261160
-775852
-213039
-277239
589595
592891
-361054
437236
-152791
-1108979
158073
535946
-962174
-34465
-1264079
-2273783
885036
102478
763147
1257930
-368419
-111558
-367496
2497392
28910
-744741
1829568
-154001
-738700
31894
-206049
293265
233639
-823172
-282042
-303111
579118
326057
-295674
1271227
71306
-854874
121875
748003
-780733
-443043
208495
-2947719
753734
132624
317174
344751
-84367
