-1400817
1228314
2328610
2534127
-162823
-296286
-348443
1441762
2468671
-2413753
402007
336057
-2125609
1086837
-2338738
-1480636
-1366914
2498453
211388
-2277718
4504899
-953569
438747
1532789
-1240004
3374043
864096
228015
-418436
3741455
-6891815
443542
6598071
1398053
9048095
706771
153719
5438121
-3614245
-907398
-1706406
-2568335
-541710
-7984848
6292723
-3152053
3232694
3035134
641407
584363
375910
-1114981
-835699
366241
-461490
374388
1332939
-1100791
-5012751
-1590567
1491171
1358308
-1439399
-3499097
-4049103
4426499
-1012205
-5980877
4803213
-2009839
1461237
2376961
236392
1735883
900515
1253711
571858
1410809
1843099
39348
-1245452
1612409
-3831102
-162410
823108
-1062421
534257
-1797045
-3188266
4584229
-706863
491283
4238430
-1389552
-3123442
1054809
888352
3795107
876585
2061776
1063069
1947880
-2392486
-1219750
1121000
7122950
-2519255
759081
-7500048
-1881484
-1063187
461940
-4049813
-235307
211082
4270714
1427380
-402831
-1744309
-436334
-325399
1272357
261635
730996
-1547711
-96351
6577374
-102678
877515
-718186
940235
-1520544
-2208101
214462
-670519
-2318998
-3117739
600049
399145
-73366
-1479802
-944622
1692918
750295
447696
3230416
809349
864241
1731961
3961839
3938947
-432304
608613
1784592
2684322
770587
737473
1845639
-728950
-1919268
-2607698
-742780
349186
-1201502
1553978
-1392704
106386
784149
-208462
1656310
1266899
-1111906
6499
4773624
1520416
-1337706
189440
-3411093
-368748
-50082
117325
-112104
-13771
-3319626
-2929639
-211642
-258086
-1232831
1346816
-1412913
-211081
860803
642689
1928391
2204958
2050078
677789
3448260
1984484
726968
450782
-2612337
-53448
-212109
-1565296
-1134046
206058
-5006332
-3312106
469798
148445
501299
1919131
-1250527
187258
494216
-89213
2959166
1641101
-714544
1468314
3321610
122218
-121270
1977108
2992363
3562868
241050
266624
-482126
-1288419
-3259293
-1941580
597010
104091
-781345
2693171
-848114
1274431
272952
732997
1632803
-152603
-1390685
-1912915
444175
625309
-223329
622543
1853147
967471
-12479
-793809
-608834
364881
-2640473
-1482068
1389558
-63443
-1136290
-472797
-1336728
-1333509
472082
337052
978352
-168094
712266
-2091839
62768
3759844
320713
-315334
-3183143
2099460
-557758
-539867
-956047
788768
-4249400
-1767479
2420930
54078
-420776
-1207848
-1430548
-1399963
328703
260831
2483494
134228
892957
212777
2517009
1011795
-604007
674788
-1094680
4061510
1958923
-166771
-350717
-655217
-1399931
-767726
895516
111798
280066
1174170
-1157808
525502
-40362
375429
342317
151269
251557
-887070
2342611
3316818
-520889
-470408
-4372475
1872818
-134176
366555
-1119515
485404
-2905319
-886834
657375
-98944
-1146880
404421
-1464893
-343985
837450
1026492
1818689
834067
1894581
1288472
2891151
1280409
-457323
-772309
-1702584
-639728
1131561
-157716
-1447691
1175373
-2362755
-2561176
1316930
-221303
1192593
1606705
-819887
-1406944
125009
400160
3141193
328876
1742197
1209451
2185413
-1479875
-341093
254110
340056
375327
1357616
-4668278
-2604736
274511
-2497066
-2805383
1573037
101631
4126385
-413541
198693
-2078065
-572633
-473441
1965342
106787
848414
149993
2260997
3690523
-246739
1290691
-502978
3506136
498258
501477
-866189
-1350920
-3358279
-1951211
1807404
400765
-707657
335433
-1189510
-428937
648780
339465
2670398
886923
1239276
979321
1166944
1204741
-67090
-29091
615213
-97319
1209147
-339708
-1226369
851547
-2681106
-2015571
2182965
-29986
409107
1472179
-1018223
-1456457
-96013
168670
1210655
306275
189894
1956615
1166769
826380
166150
143132
4022297
1554750
933008
242055
-1059280
274556
-3377532
-2025308
2922818
272614
435908
867442
-701811
-1763726
164674
-68525
1234764
-436034
15314
-33157
-537822
1386332
69088
452516
1481818
1234279
229148
81184
-437572
511502
-2863012
-1760366
2928334
27602
-293909
-274243
-798713
-1321767
111294
393964
254267
-447253
1284117
-249776
-869542
3680937
33791
-295934
-3336821
1239820
193569
1033258
-591846
744212
-2329081
-1252381
2275944
-133752
-1139186
-1102427
-1543595
-1021221
240812
1084959
-152660
-623388
1345478
557675
-572011
-611995
-75972
-1097737
-2980263
909860
-26753
-1530915
-1356453
1515908
-1944414
-1531783
623070
58815
3924445
-2696454
-668055
-843175
-681531
297639
-266580
-920315
247225
34257
-451044
1117930
-95602
-29288
-3082214
4539613
145925
-978672
-839882
1030752
-1585749
-681579
1034319
-90378
2398526
-3470505
-809102
-266493
-217673
364930
-616874
-986961
838466
-918615
-598656
3056692
-929918
-300075
-4006281
3391406
610209
99618
69839
1141110
-208098
-446112
-391138
-251045
137845
-3018528
-663406
286860
-76467
319034
-741112
-570185
2155854
-185353
-1042566
2890371
-124871
-909591
-4354813
3010430
387328
1012
-268694
2024156
-1036810
-610600
-3037367
-265380
161637
-2522969
-433134
-88792
-27807
333326
-482032
-316968
2568699
342995
-1107479
53875
417393
-49398
-2601125
1978299
465088
-905775
43410
603625
-841024
-818084
-4068150
-138208
1627861
-2702494
-431216
83931
-310122
715989
-146093
-346739
1765909
-53837
-1012594
306983
784821
70557
-2865815
1917645
270331
-699272
-432100
744065
-2283358
-800709
-2372656
-86243
1214107
-2820557
-249020
200277
-240785
941065
-194701
-302677
879529
63004
-1344259
-1522980
791699
-129595
-2876740
1062550
424467
-1483472
-994053
1047735
-1801584
-990898
-951157
-405235
1759003
-2937555
-261189
-229885
-414133
672694
-75011
-635703
286229
-412082
-1588395
1207334
-1043039
-195446
-3439775
850951
879335
-40434
-308751
1460717
616032
-369713
-1144820
-401757
113457
-2885830
-508855
238463
-17967
710430
-542570
-667239
2845504
-413577
-3970485
1730526
1140442
-220152
-3498179
1245986
-200577
409445
-747076
1743230
-1099559
-48402
-3651499
-353752
868092
-4694043
-510519
1994906
140333
916649
339210
-12877
3943868
443991
-2538999
-809374
845428
-884694
-3951474
327492
325213
-970758
207723
1574638
400078
-98622
-4748765
-77564
2103736
-5119979
-1074988
1647192
-334900
1478514
64078
118157
-310031
-185408
-2350213
-3436251
-1399214
-1108256
-639612
-883988
2373877
86497
1502726
1637673
6949403
-823560
-3187273
326343
105702
-5121487
-935589
2300559
-272987
1685371
-675422
-1019330
2546739
-304055
-3438925
44523
-2496596
-677472
-877337
-2530316
843753
-3476426
-249264
1991194
7650527
-1801418
-8242105
-449903
1349444
-5465303
-1348395
748391
-290053
