-399825
50030
-96570
108629
384303
9076
-28293
6355
65080
1091405
447335
175226
-46675
492002
-60872
36235
84373
-46448
152845
-234160
-290
31070
750988
8544
-197243
1059177
17105
193438
495938
238869
101780
-254801
363090
3364846
253162
276344
121544
768366
-479950
-53789
38984
198542
142656
-746613
-18380
514650
548046
-104395
-373882
826839
61781
213994
769709
322296
63885
-67966
324601
2080634
290536
7037
124842
159154
-68075
137237
-16887
392234
112936
-387152
-35116
42002
159927
200330
-620131
381100
112822
99911
573949
240913
71862
-42264
423628
2295230
368916
-7975
90963
272009
237775
14406
5953
191120
201544
-694530
-14728
27267
171291
-149627
-211509
744065
127646
19387
384681
220173
9353
458862
356765
2022644
387302
4139
111830
361645
224195
387435
28831
4014
453680
-517286
15020
132454
432694
-185980
-590479
-112896
51430
135213
339419
54628
-47807
-207870
355842
254830
412212
-16279
84184
185534
113793
10454
-76885
59162
57887
-381923
35328
-4109
692627
-110114
-554454
-541228
-61375
18276
367143
-82010
-20765
-69451
531676
788026
471206
15410
203544
48623
-71832
-23045
-101460
779130
120593
-802524
10014
44135
1247952
-187704
-570058
-166665
-66013
7369
325764
-68370
-58517
112164
508569
947768
585676
-18481
174033
121643
23816
-10434
-123512
164784
73773
-519823
1125
9279
1213228
88448
-699569
-243969
-118008
-55455
300261
32796
-82767
-104571
564536
1289603
516368
-26845
155799
133117
156199
-150013
-90595
91520
-24153
-725989
1719
18517
1367052
-69396
-671730
-640305
-106228
5033
344679
42521
-93468
-116162
526458
1391644
582025
-10535
195982
12711
39272
-18460
-124569
580622
-9395
-841506
3445
33639
1372249
-154473
-603189
-63581
-30593
121446
227349
-46651
-64686
-34987
448314
1024826
506879
10145
73484
145777
62552
97227
-62500
22569
27987
-221294
-3201
24185
710600
-84814
-594746
-380851
4171
73197
222671
847
-51715
58669
407223
332727
498490
-14724
133327
95905
50176
10361
-58137
341115
61143
-28517
4285
-2943
576184
24356
-555021
-328262
-15793
113291
187164
18333
-32870
172862
495551
529556
529345
10302
178122
46115
-57675
183716
-56820
173705
113609
-266017
4342
5725
990835
-174556
-624346
-257096
-38232
98557
217673
11849
-43469
-145210
389136
203947
520738
-9411
78673
133827
55634
-4278
-62293
211870
26626
-114689
2217
16926
803284
-9195
-632487
-794607
-54901
6489
221079
12002
-32223
179361
442746
195685
505410
-12293
181181
23141
183326
-145855
-83273
509199
43782
-259096
-5671
5512
1036895
-84202
-533202
32972
-90157
-83925
238207
7587
-59421
840990
449976
378324
559796
-18571
148493
136849
182160
180987
-60419
-14947
32426
-183675
714
28065
1179337
-57158
-569668
-528326
-94596
42642
232182
-50890
-60130
-128820
459479
67880
532005
-3267
188762
-1187
1289
85842
-82996
505327
-63351
-232137
25628
-5973
1167072
9102
-630154
-416604
-100492
-71538
285556
-30564
-41545
65642
501268
427486
597509
-24478
125539
31489
-39044
-233796
-75242
243147
-61776
-305348
4084
-4922
1222017
-89551
-808574
-718392
-80020
-33937
249983
18936
-58348
-85522
559561
403154
623744
-17935
142447
11939
104806
-146986
-103561
342656
-178140
-365023
1644
-15303
1345220
-168400
-727496
-384878
-47302
15627
240253
14310
-17382
-96367
514287
193174
683324
-8009
120752
18360
114783
153527
-76387
357734
3743
-120465
-1962
-18232
1013825
-135534
-649309
-573017
-23014
99095
231445
-4588
-22175
-75386
438161
8950
721975
-9766
96825
5199
89309
173926
-83889
803885
15729
20187
442
-29018
814616
-52088
-642374
-362461
-57630
51534
194796
-248
-26237
667006
459046
70065
671485
3218
82381
-2455
91048
170269
-82968
159497
62576
-105508
2878
-18207
882063
-28204
-625595
-429769
-32522
55846
116556
-51965
-16910
213235
417648
102060
629075
-1801
49122
-2679
56448
237804
-58106
229132
-19267
-19232
17806
-17231
743007
-28177
-577690
-360294
-6034
151172
79421
-47438
-7216
-26808
355839
104699
671075
-11426
16923
2682
-5258
294386
-33462
210279
59113
129115
139
-15796
463486
-8962
-653261
-353808
7441
135184
52875
-17725
1179
-38882
341562
18867
659032
3143
25203
38857
4567
133694
-50781
222677
57737
169977
5042
-11544
489848
-6961
-620150
-215505
-29618
128626
55660
-25047
20769
21193
309048
144656
746443
9502
30451
100172
48088
44869
-37107
145712
89312
33416
8702
-16044
672545
-15347
-663981
-481330
-42146
109221
71726
-38457
11630
-19586
296075
140750
742466
6936
42675
-3792
103322
101106
-44237
393195
60824
51481
16534
-17615
612031
-25850
-536958
-211125
4137
99222
76862
-35729
19141
175965
288226
192275
771802
-10694
38885
45406
50752
241151
-21163
143992
151742
84270
1265
-6928
387542
9887
-489518
-218280
80988
88479
54996
-25359
16280
71935
269117
143022
707312
-4521
27705
68709
25529
563943
-1524
309411
110493
249762
4309
918
45010
26607
-472781
-96985
119076
115299
46940
-32048
8876
308470
183093
121088
702075
-6140
-43892
20964
-10562
646699
-3147
219359
178560
274397
6267
6252
-101173
28788
-480327
-254878
138539
92409
10202
-21521
8623
255219
252785
137925
684896
-24114
-15682
29928
79546
260634
13796
86286
271577
99090
18702
11453
-4076
45942
-283108
-114746
182915
85925
19422
-18593
7810
188593
284103
241145
737296
2492
6232
61268
-1989
712383
-20063
168344
542573
89030
60115
-5974
-167196
11731
-651526
-135063
195705
215862
73024
-12749
-2354
-142535
92222
-73677
474109
11950
-159125
46554
-3263
191026
-18522
211695
249988
515595
-3308
-76394
-372814
48181
