-480385
60114
-116032
130496
461789
10913
-33994
7586
78202
1311319
537466
210516
-56081
591144
-73138
43527
101372
-55808
183637
-281336
-349
37330
902364
10272
-299818
1609842
25992
293962
753879
362974
154691
-387308
551926
5114341
384789
420012
184745
1167859
-729486
-81759
59248
301791
216827
-1134832
-27935
782222
833060
-158709
-618223
1367142
102132
353748
1272830
532744
105617
-112314
536761
3440251
480389
11633
206421
263177
-112549
226905
-27922
648470
186724
-640132
-58062
69446
264482
331167
-982286
603692
178691
158268
909250
381499
113817
-66917
671080
3635571
584362
-12635
144086
430839
376635
22870
9421
302747
319236
-1100097
-23328
43194
271392
-236945
-302858
1065188
182728
27752
550815
315161
13378
656911
510822
2895624
554490
5932
160115
517732
320949
554627
41267
5755
649489
-740596
21504
189623
619551
-266211
-858086
-164009
74723
196439
493316
79397
-69473
-302019
517155
370276
599026
-23659
122341
269615
165345
15208
-111734
85964
84116
-555000
51338
-5958
1006578
-159963
-804940
-785727
-89120
26575
533063
-119028
-30147
-100861
771910
1143933
684060
22359
295481
70578
-104287
-33422
-147306
1131117
175054
-1165027
14537
64058
1811739
-272448
-791826
-231522
-91713
10225
452561
-94963
-81286
155788
706480
1316381
813513
-25671
241746
168964
33074
-14499
-171564
228903
102461
-722083
1562
12887
1685314
122804
-943183
-328969
-159127
-74749
404880
44189
-111592
-140952
761189
1738544
696176
-36194
210060
179449
210582
-202236
-122155
123435
-32574
-978827
2316
24965
1843202
-93539
-948905
-904505
-150080
7109
486966
60044
-132039
-164067
743745
1965759
822172
-14883
276846
17944
55475
-26070
-175976
820201
-13284
-1188744
4867
47516
1938534
-218161
-834875
-88019
-42358
168072
314713
-64562
-89533
-48433
620563
1418420
701564
14040
101711
201760
86582
134560
-86509
31238
38727
-306320
-4429
33470
983585
-117364
-787420
-504203
5511
96888
294850
1119
-68470
77687
539200
440574
659983
-19496
176522
126981
66426
13720
-76971
451603
80948
-37790
5673
-3892
762883
32234
-677946
-400950
-19301
138376
228652
22388
-40149
211136
605348
646848
646574
12584
217565
56330
-70454
224433
-69409
212169
138757
-324932
5304
6990
1210294
-213168
-844626
-347837
-51729
133306
294512
16018
-58804
-196412
526456
275845
704439
-12732
106433
181029
75254
-5769
-84278
286634
36002
-155131
3000
22898
1086706
-12441
-861978
-1082869
-74830
8856
301348
16331
-43915
244483
603442
266630
688793
-16756
246915
31538
249817
-198720
-113490
693955
59664
-353076
-7729
7507
1413138
-114734
-698004
43085
-118022
-109823
311866
9923
-77783
1100779
589069
495088
732771
-24307
194373
179113
238412
236895
-79100
-19552
42423
-240413
935
36734
1543740
-74795
-717462
-665347
-119147
53688
292461
-64061
-75733
-162167
578744
85482
670028
-4114
237737
-1491
1625
108120
-104527
636403
-79781
-292364
32270
-7517
1469903
11468
-855143
-565377
-136386
-97065
387556
-41454
-56379
89036
680302
580017
810838
-33218
170367
42714
-52991
-317249
-102112
330049
-83840
-414381
5542
-6686
1658401
-121502
-1076305
-956287
-106531
-45179
332798
25201
-77671
-113825
744918
536624
830278
-23875
189621
15888
139511
-195678
-137852
456136
-237128
-485939
2189
-20371
1790743
-224122
-927582
-490762
-60324
19917
306365
18241
-22163
-122848
655797
246274
871256
-10211
153971
23400
146344
195742
-97401
456154
4766
-153634
-2502
-23246
1292743
-172783
-797982
-704224
-28291
121757
284467
-5640
-27251
-92591
538545
10998
887290
-12002
118998
6372
109755
213736
-103097
987917
19331
24765
543
-35663
1001196
-64004
-845581
-477127
-75863
67815
256443
-329
-34537
877955
604332
92280
883914
4236
108446
-3215
119859
224029
-109210
209937
82373
-138958
3788
-23967
1161129
-37121
-808850
-555643
-42044
72191
150714
-67173
-21863
275714
540042
132044
813349
-2329
63513
-3460
72983
307441
-75127
296238
-24911
-24903
23023
-22279
960638
-36423
-719970
-449021
-7515
188362
98991
-59108
-8994
-33382
443532
130589
836366
-14239
21098
3352
-6552
366868
-41701
262061
73677
160886
173
-19689
577637
-11166
-773256
-418793
8806
159985
62594
-20975
1395
-45995
404343
22345
780088
3721
29836
45998
5406
158235
-60110
263558
68343
201176
5967
-13664
579840
-8238
-786716
-273383
-37577
163150
70622
-31769
26348
26897
392102
183529
946941
12055
38637
127076
61006
56915
-47075
184874
113304
42337
11041
-20355
853236
-19466
-834972
-605297
-52997
137324
90209
-48356
14625
-24647
372359
177006
933655
8720
53673
-4774
129933
127090
-55630
494461
76480
64672
20795
-22153
769649
-32502
-655772
-257782
5075
121156
93877
-43633
23375
214916
352050
234847
942613
-13063
47493
55467
61981
294646
-25840
175887
185335
102917
1545
-8460
473221
12073
-569479
-253897
94242
102939
63984
-29496
18936
83654
313078
166386
822835
-5257
32218
79941
29705
656107
-1775
359884
128549
290603
5013
1066
52205
30944
-590913
-121210
148870
144071
58672
-40048
11087
385560
228863
151359
877494
-7678
-54835
26227
-13201
808155
-3930
274165
223169
342975
7833
7814
-126575
35972
-599990
-318236
173085
115428
12724
-26877
10770
318918
315746
172285
855495
-30121
-19680
37412
99362
325896
17234
107621
339242
123906
23358
14306
-5347
57377
-340436
-137948
220001
103328
23344
-22356
9386
226771
341672
290000
886643
2994
7486
73695
-2391
856733
-24128
202455
652503
107126
72295
-7184
-201133
14105
-748263
-155102
224763
247901
83874
-14640
-2704
-163708
105900
-84615
544494
13724
-182768
53480
-3748
219409
-21272
243111
287092
592188
-3798
-87735
-428181
55317
