-1235222
-208332
-674595
617279
2949484
346336
-130007
-946329
266096
858515
1133331
1537151
-619604
621941
-547454
1479707
1089103
870337
516131
348511
33999
237963
1273168
460706
-752236
952041
-155598
3564620
3434575
1234827
500823
6865040
771953
2604294
711160
4453437
1587691
1729536
-3823845
-210429
-357725
-447397
613688
-2244556
-3235922
2709768
863041
-3583082
-1616135
760137
-1059503
157383
4285669
3599006
145970
9819166
1573766
4384690
945102
-159526
1416474
1247631
-4899364
420933
225706
-176917
-18983
-3604014
-986610
774905
2852181
4094449
-1704576
-1537620
-1356255
1629194
3997113
6529616
-128992
4425463
2256978
525476
1319234
-135882
2766471
-459647
-4071906
1296368
-938123
2515738
1067246
-2406445
1153646
558542
2439403
-968419
-2054913
-1135593
-1141568
2491271
3249547
3402834
-603561
5653642
1639933
-148246
1282906
62723
1650140
26353
-424834
2141700
-1786667
845898
370694
-1792360
-653762
1080012
2926104
-1251667
-1767337
-2776013
-1397058
882924
3121446
1881545
-646889
6200340
2504690
-549028
1479107
109682
3882688
-484523
-298482
408039
-2377761
1966566
422770
-2038025
177215
-913595
4205620
-1960757
-1692314
-2222819
-2476244
-600569
2920261
1248720
-716528
7676780
3015745
-353200
1655081
1100022
4692761
-388503
-2293831
-244098
-2495059
1742289
385261
-2178769
53041
108106
4262329
-399157
-1201534
-1655559
-1120970
-1329946
2485073
1674449
-1094169
7391092
2791441
168051
1846034
156851
4526253
-177077
-2250593
-317416
-1773970
465286
806257
-2010527
-385485
-79161
3169235
-306680
-1529177
-1487265
-923944
-618376
2174381
1996945
-1167400
6704100
2539364
617296
1498583
181069
3613501
-148205
-1363889
89222
-1690466
503724
181373
-1229555
-507991
-48445
2369802
224239
-1502490
-1714136
-1001732
-550702
2605773
2302233
-1390412
6784153
2501683
386851
1714129
616398
3793608
-205792
-1831660
-181376
-1540488
351519
296979
-1058462
-391024
114377
2603764
-343669
-1475642
-2071837
-1189729
-420556
2562359
1691252
-1227155
6292060
2447614
-244812
1585854
226576
3888941
-268969
-1718674
-94239
-1557333
954090
192270
-621642
-472860
373066
2842239
-343843
-1791738
-2790981
-1286837
-293331
2598912
1061793
-935288
5030395
2268526
-374830
1587496
32043
3499758
-410440
-1662533
154090
-1778376
1748916
59610
-193643
-604644
58645
2765771
-375102
-1853072
-2588038
-1585504
886426
2036523
488602
-556526
5501460
1913832
-483155
1508358
-116177
2124773
-241585
-1286128
1253753
-1553811
695064
-28606
-125538
-975660
245660
2727405
-453607
-2075078
-3707993
-2085411
1038672
2380435
296963
-773603
5549683
2009324
-935650
1702126
-26747
2591980
-624002
-1066185
1129427
-2091831
2198722
-141543
-77991
-665606
38536
3805558
-767291
-2175166
-4206250
-2688739
975869
2607906
-45425
-927698
3087005
2150698
-1048994
1718909
221833
2851328
-652554
-2303234
1010527
-2252183
3364679
-224325
-51129
-641761
19157
3963847
-671061
-1958998
-3122577
-2579917
292843
2558133
-227250
-1103600
1846769
2088455
-695344
1745343
-161624
2552806
-510612
-922383
1004200
-1863189
3709719
-253568
-41005
-1079424
345520
3464839
-174905
-1856875
-2634414
-2267578
527920
1965481
-277683
-959490
5779387
2012758
-380513
1572099
-42904
2259653
-340220
632796
1680329
-1965648
1309610
-494178
-67662
-1603696
-180046
3038653
-658898
-2099852
-2727726
-2558897
1376292
2415497
-162941
-600342
6717725
2286608
-588363
1883970
-264265
2041776
-683705
-482663
1867443
-2379835
1618307
-444182
-2965
166629
-221860
3354131
-126411
-2170299
-3453897
-2424551
574528
2079255
-8449
-965583
3913434
2630948
-1039228
1920548
-84560
2802650
-930775
23818
671586
-2433794
2609605
-526420
-40726
87507
-160630
4062744
-78244
-2143472
-2433450
-2758620
544106
2012466
149357
-327478
1393096
2337843
-969985
2061776
-95983
2109764
-624847
-662880
1346925
-2644301
2417233
-210947
209521
70803
-183255
4004237
-465517
-2014399
-2808765
-3189549
218894
1705024
-179556
-117935
2391520
2356272
-768588
2200833
-154685
2202663
-405296
-451578
1259690
-2268746
4198704
-262086
-22533
-18601
-271543
4482156
-239697
-2351301
-3568102
-4421440
1453909
1538797
18276
-558177
5437629
2686287
-1494196
2296674
58293
2051041
-1054111
21559
1540100
-2483024
2456489
-262361
-221688
-12985
-227773
5291699
-73597
-2134547
-3305753
-3931307
880597
1225366
139518
-34528
4147913
2746423
-1156982
2210768
-131009
2605868
-1058070
-281497
441283
-2392326
4005604
-229682
-327477
-25090
-219176
5045179
-226545
-1772142
-2143863
-3248006
319720
1123960
-475
-438500
6658789
2273765
-447407
2291877
-116916
2062385
-612235
41571
-131943
-1634877
240690
102310
-227101
50832
-239185
3727371
-93801
-1843486
-1773514
-2603130
388457
633204
75040
-352669
4920308
1962328
-297165
2073814
-3500
1538729
-426044
-63097
610768
-1610908
496801
27962
-66322
70611
-75585
3518580
-41660
-2105073
-2221868
-2942690
805336
318591
-44773
225935
4075053
1988865
-323154
2482101
132266
1188927
-839993
178798
1181210
-1496654
2275806
82637
-162537
-172758
-191558
4153310
-41782
-2051145
-2442524
-3644988
613575
92034
125197
292473
2852112
2169925
-86908
2470810
502051
1694632
-1024059
-94265
-217136
-1295673
1713856
113972
-391746
277824
-197301
4495689
-118450
-1647914
-2045092
-3591074
247206
-99793
-21215
690618
-1157631
2511892
174515
2643718
463209
2839193
-647275
170424
-1307121
-898441
4109582
391119
-585429
-42649
-161241
5177869
56425
-1378492
-1671977
-2738274
423498
-475792
-250931
1241720
-1367367
2347086
239027
2436470
-156097
2821666
-92677
47925
-550279
-812650
5703477
271945
-364716
100523
-22681
4398188
256328
-1734737
-842124
-2026778
165556
-658078
-367804
1270781
1599575
1966016
610357
2545653
-296989
146959
-139787
-99209
1254885
-480454
1622190
124641
98538
-550301
77816
3065655
274395
-1792333
-1017629
-1611552
437881
-476268
-65214
386950
-1004634
1922327
257427
2347436
4784901
1285170
-926108
-192045
191225
-566310
57897
360600
316129
31197
107601
2732578
430948
-1793964
-223367
-1988356
380075
-666552
-154786
1286425
-7130855
2280714
2677254
2496442
-69112
2161694
3302746
62997
-899483
-882178
7391945
861962
-146271
-2237951
52541
3691891
-200519
-1743463
-605318
-1342933
-54553
-178221
-2856885
161205
10898046
2399012
1772067
1615826
-550972
1169013
-340456
187506
-905540
-176835
-173443
827322
-786656
-1076627
-919678
2158464
1347391
