-48420
3039814
236598
-556712
-497260
-2770948
1243610
2548761
532590
823822
-1002946
2006920
-231497
47161
-173032
2251945
1803715
-1212184
-1363404
-1628098
2821411
1300101
365426
-85472
3039088
2716958
1842087
-168927
3176788
-3466221
-2763358
-278149
-246627
526967
-839817
3160448
-4803737
-295023
-1996806
4090133
5392370
546769
-3171538
-645058
1327423
-2488752
3675033
943746
1014286
667860
1942093
-1318255
1666468
-1828982
-2109289
-365956
1171945
404308
-1334358
-1250780
-2722524
-347594
-1547847
1452817
1905207
2387380
248772
-981313
278992
305720
2272900
3001049
-364526
1392852
1406793
-393010
3673052
-2277299
-1555889
427771
475471
983762
-15969
942384
-829090
-646929
-1470376
2111709
2368093
763374
-1862952
-1045399
1279050
-1757924
1515116
1488403
2564594
1212481
690555
-763089
1854960
-1080661
-1223744
951865
-509869
702236
8927
1415731
-3617322
-653787
-648448
-2176444
2056472
-349781
-1098092
-283119
2794320
-1500811
2076634
380195
-900086
1047227
630620
-818735
405575
-1168214
-829799
1481023
1320889
2362221
-227922
875186
271994
-318973
103354
2693058
-393816
-251624
251435
-891970
1704095
847576
1487084
7635
-661484
3409923
665606
1406117
3121729
-2837973
-2128049
1018128
2357900
2210354
-741972
7028217
3339067
-654397
150837
2736639
1140481
-752414
1742997
-1339013
-1090496
-3384042
1396332
-374620
-1349742
2899486
439714
776478
2422916
-2167078
-1860826
757088
2585219
2448089
-212570
5081420
-615612
-568136
-369649
872896
964121
-354188
585833
-1352215
1134750
-304484
1106207
653274
-1540374
2907136
299324
681702
2373198
-2049418
-1518255
876116
2404251
3209149
-195618
5620167
-356156
-708303
-445160
1436264
1466612
-1032915
330235
-1823652
1576751
-1829942
1046683
320655
-1766602
3761007
696343
1217538
2492534
-2434689
-2121130
1245689
3430992
3210978
-408950
7882244
1785036
-508855
262236
2496473
1404103
-1558199
1590655
-1500462
-177363
-4042057
1068212
-254000
-1071099
1893091
118622
-202310
373801
-894240
-483558
693883
1903185
2687350
-586083
1383878
-938417
-215206
274411
2451905
1158958
-1415375
381164
-881539
2281403
-524300
876291
-127623
-743879
1203790
226072
-374666
-160240
-823551
-1011095
1223880
1826170
2617102
-448325
203664
567122
-337214
252169
1842478
164074
-858351
1150995
-1116522
1076419
1365948
553189
414573
-288867
2716809
190538
754421
1434931
-1638459
-1382292
555607
2275297
1887000
-702763
3686125
39557
-263109
254391
-685045
647354
-1773038
1387272
-794209
1517143
-1031230
532494
-212354
-1478755
1916603
95637
101415
132562
-1106240
-250138
354551
2601119
3035686
-580180
1586249
191331
-280025
437107
2873152
112792
-1287399
724119
-939458
1210912
528303
518977
162034
-1614316
2643461
430519
975107
1411633
-1944946
-1619771
883412
3603203
2965978
-785922
3837201
3269688
-546680
556811
1506252
222809
-1619263
1739140
-1543026
419903
-1375257
485679
-281432
-551604
2812727
83726
552170
1079088
-1498834
-1176620
913568
2366674
2766668
-165886
4510968
-636216
-793807
510329
-4668938
383809
-1628408
996688
-877988
2954996
-351298
462646
-239172
-825504
2805387
403635
400803
742884
-1427225
-1693083
1384697
2806877
2792967
-463973
4142747
2938166
-508580
1511199
1116632
-137090
-1727375
2206274
-878116
363683
-351116
314874
-491126
-1894018
3025951
50770
764755
1628003
-2124816
-1209863
243387
2635168
3618697
-445359
5390611
2459742
-1081072
-269691
906511
511710
-1687739
1948521
-1740535
680936
-1166433
336714
-3249642
-2137996
3505460
267371
1386688
1591171
-3415593
-1455769
754509
3218406
4116805
-428354
7691006
3353343
-1075238
737101
1213785
341792
-2051904
2191462
-1710557
578618
-2301488
-258566
1433297
-1311832
2506784
189624
681028
796040
-2135427
-1124341
1005236
2406365
3118117
-362398
4334561
2573023
-976448
1534473
1188684
145067
-1927141
2268894
-981018
187307
-867857
-218849
-2176868
-1250173
2545448
219602
237656
57854
-1775351
-936620
1042424
2672898
3220409
-307570
3222450
4696069
-701824
1296755
3153134
-214640
-1673656
2664448
-805490
-1390865
324110
-401514
1064460
-1519948
2875936
218502
238391
431769
-2337987
-818401
1169146
2854045
2813674
-126831
4634271
3215791
-1134924
1427721
-2642836
36223
-1781765
3048915
-728018
970266
-661314
-368746
110851
-965556
2530474
-31657
178254
16599
-1775429
-375471
1316935
1941398
2825183
-391530
4507751
3799412
-1110122
3120797
-1826718
125591
-1942491
3164950
-589289
987297
-1226701
-373020
-2914820
-913467
1756197
-246482
326457
-330113
-1460765
59133
741962
1354596
2629622
-336147
2286868
2702616
-664450
1865263
765232
134985
-1473886
2779685
-539754
1144801
101451
-230055
47569
-718512
1895736
-234822
902903
-867840
-1775676
189615
1015146
1740135
2619187
-284786
2253436
2918011
-712602
1553568
1304610
-248454
-1583050
2405424
-607770
1227670
651774
-229533
-2560234
-918700
2204990
-167957
964024
-99022
-2093078
-342825
1825722
1552114
2562624
-327363
3555787
2612539
-1125830
639246
1165327
75504
-1113492
2172950
-884478
1398356
-465111
-166943
1589808
-1120612
2673794
67127
1076672
-883207
-2260799
-389994
2161339
2242061
2969340
-307408
3927854
4946113
-850682
1353425
1325689
-382730
-1798805
2896797
-822961
341505
-536319
-245281
-2657118
-731388
2059523
-34596
860439
-607774
-1981344
-490699
1529669
1390875
2599497
-543499
3022805
2304855
-501795
832205
-89866
113485
-922697
2495067
-679007
1247664
-302743
-260500
565703
143949
786053
-35011
-54236
-1286322
-1229107
-183433
2104117
799949
1863202
-131306
655272
1853867
-258714
1534569
456491
-15226
-576093
2454730
-321713
801140
647481
87641
99546
-114988
584351
-49578
156061
-2963008
-393163
761567
1277032
1350395
1264963
-309253
-597416
1553149
59168
1774246
-1136733
-711269
-546998
2656795
383556
1063568
1799231
-357785
-793354
463988
796504
-217215
306099
-1323384
-1318156
305536
1177714
899883
1107872
240719
651000
2470605
-379319
1496814
-1338038
-110126
-690876
2487155
-520226
1446612
20916
189113
328467
2184854
288421
66221
-569922
-1585310
-484033
191310
2195448
365368
395170
-189166
-430231
980052
-474673
1120269
-1497844
87777
-1761905
2513804
265007
377069
141263
504491
-1176590
-132398
608639
-83451
-78425
-4464387
634217
2786488
271812
2201135
926332
-231218
-2081872
1276817
-286015
-548863
2537311
-527372
-576581
1923231
-396672
-162680
2282764
-259780
206159
