-48420
-231497
3039814
47161
236598
-173032
-556712
2251945
-497260
1803715
-2770948
-1212184
1243610
-1363404
2548761
-1628098
532590
2821411
823822
1300101
-1002946
365426
2006920
-85472
3039088
-4803737
2716958
-295023
1842087
-1996806
-168927
4090133
3176788
5392370
-3466221
546769
-2763358
-3171538
-278149
-645058
-246627
1327423
526967
-2488752
-839817
3675033
3160448
943746
1014286
-2722524
667860
-347594
1942093
-1547847
-1318255
1452817
1666468
1905207
-1828982
2387380
-2109289
248772
-365956
-981313
1171945
278992
404308
305720
-1334358
2272900
-1250780
3001049
-364526
-829090
1392852
-646929
1406793
-1470376
-393010
2111709
3673052
2368093
-2277299
763374
-1555889
-1862952
427771
-1045399
475471
1279050
983762
-1757924
-15969
1515116
942384
1488403
2564594
-3617322
1212481
-653787
690555
-648448
-763089
-2176444
1854960
2056472
-1080661
-349781
-1223744
-1098092
951865
-283119
-509869
2794320
702236
-1500811
8927
2076634
1415731
380195
-900086
271994
1047227
-318973
630620
103354
-818735
2693058
405575
-393816
-1168214
-251624
-829799
251435
1481023
-891970
1320889
1704095
2362221
847576
-227922
1487084
875186
7635
-661484
3339067
3409923
-654397
665606
150837
1406117
2736639
3121729
1140481
-2837973
-752414
-2128049
1742997
1018128
-1339013
2357900
-1090496
2210354
-3384042
-741972
1396332
7028217
-374620
-1349742
-615612
2899486
-568136
439714
-369649
776478
872896
2422916
964121
-2167078
-354188
-1860826
585833
757088
-1352215
2585219
1134750
2448089
-304484
-212570
1106207
5081420
653274
-1540374
-356156
2907136
-708303
299324
-445160
681702
1436264
2373198
1466612
-2049418
-1032915
-1518255
330235
876116
-1823652
2404251
1576751
3209149
-1829942
-195618
1046683
5620167
320655
-1766602
1785036
3761007
-508855
696343
262236
1217538
2496473
2492534
1404103
-2434689
-1558199
-2121130
1590655
1245689
-1500462
3430992
-177363
3210978
-4042057
-408950
1068212
7882244
-254000
-1071099
-938417
1893091
-215206
118622
274411
-202310
2451905
373801
1158958
-894240
-1415375
-483558
381164
693883
-881539
1903185
2281403
2687350
-524300
-586083
876291
1383878
-127623
-743879
567122
1203790
-337214
226072
252169
-374666
1842478
-160240
164074
-823551
-858351
-1011095
1150995
1223880
-1116522
1826170
1076419
2617102
1365948
-448325
553189
203664
414573
-288867
39557
2716809
-263109
190538
254391
754421
-685045
1434931
647354
-1638459
-1773038
-1382292
1387272
555607
-794209
2275297
1517143
1887000
-1031230
-702763
532494
3686125
-212354
-1478755
191331
1916603
-280025
95637
437107
101415
2873152
132562
112792
-1106240
-1287399
-250138
724119
354551
-939458
2601119
1210912
3035686
528303
-580180
518977
1586249
162034
-1614316
3269688
2643461
-546680
430519
556811
975107
1506252
1411633
222809
-1944946
-1619263
-1619771
1739140
883412
-1543026
3603203
419903
2965978
-1375257
-785922
485679
3837201
-281432
-551604
-636216
2812727
-793807
83726
510329
552170
-4668938
1079088
383809
-1498834
-1628408
-1176620
996688
913568
-877988
2366674
2954996
2766668
-351298
-165886
462646
4510968
-239172
-825504
2938166
2805387
-508580
403635
1511199
400803
1116632
742884
-137090
-1427225
-1727375
-1693083
2206274
1384697
-878116
2806877
363683
2792967
-351116
-463973
314874
4142747
-491126
-1894018
2459742
3025951
-1081072
50770
-269691
764755
906511
1628003
511710
-2124816
-1687739
-1209863
1948521
243387
-1740535
2635168
680936
3618697
-1166433
-445359
336714
5390611
-3249642
-2137996
3353343
3505460
-1075238
267371
737101
1386688
1213785
1591171
341792
-3415593
-2051904
-1455769
2191462
754509
-1710557
3218406
578618
4116805
-2301488
-428354
-258566
7691006
1433297
-1311832
2573023
2506784
-976448
189624
1534473
681028
1188684
796040
145067
-2135427
-1927141
-1124341
2268894
1005236
-981018
2406365
187307
3118117
-867857
-362398
-218849
4334561
-2176868
-1250173
4696069
2545448
-701824
219602
1296755
237656
3153134
57854
-214640
-1775351
-1673656
-936620
2664448
1042424
-805490
2672898
-1390865
3220409
324110
-307570
-401514
3222450
1064460
-1519948
3215791
2875936
-1134924
218502
1427721
238391
-2642836
431769
36223
-2337987
-1781765
-818401
3048915
1169146
-728018
2854045
970266
2813674
-661314
-126831
-368746
4634271
110851
-965556
3799412
2530474
-1110122
-31657
3120797
178254
-1826718
16599
125591
-1775429
-1942491
-375471
3164950
1316935
-589289
1941398
987297
2825183
-1226701
-391530
-373020
4507751
-2914820
-913467
2702616
1756197
-664450
-246482
1865263
326457
765232
-330113
134985
-1460765
-1473886
59133
2779685
741962
-539754
1354596
1144801
2629622
101451
-336147
-230055
2286868
47569
-718512
2918011
1895736
-712602
-234822
1553568
902903
1304610
-867840
-248454
-1775676
-1583050
189615
2405424
1015146
-607770
1740135
1227670
2619187
651774
-284786
-229533
2253436
-2560234
-918700
2612539
2204990
-1125830
-167957
639246
964024
1165327
-99022
75504
-2093078
-1113492
-342825
2172950
1825722
-884478
1552114
1398356
2562624
-465111
-327363
-166943
3555787
1589808
-1120612
4946113
2673794
-850682
67127
1353425
1076672
1325689
-883207
-382730
-2260799
-1798805
-389994
2896797
2161339
-822961
2242061
341505
2969340
-536319
-307408
-245281
3927854
-2657118
-731388
2304855
2059523
-501795
-34596
832205
860439
-89866
-607774
113485
-1981344
-922697
-490699
2495067
1529669
-679007
1390875
1247664
2599497
-302743
-543499
-260500
3022805
565703
143949
1853867
786053
-258714
-35011
1534569
-54236
456491
-1286322
-15226
-1229107
-576093
-183433
2454730
2104117
-321713
799949
801140
1863202
647481
-131306
87641
655272
99546
-114988
1553149
584351
59168
-49578
1774246
156061
-1136733
-2963008
-711269
-393163
-546998
761567
2656795
1277032
383556
1350395
1063568
1264963
1799231
-309253
-357785
-597416
-793354
463988
2470605
796504
-379319
-217215
1496814
306099
-1338038
-1323384
-110126
-1318156
-690876
305536
2487155
1177714
-520226
899883
1446612
1107872
20916
240719
189113
651000
328467
2184854
980052
288421
-474673
66221
1120269
-569922
-1497844
-1585310
87777
-484033
-1761905
191310
2513804
2195448
265007
365368
377069
395170
141263
-189166
504491
-430231
-1176590
-132398
1276817
608639
-286015
-83451
-548863
-78425
2537311
-4464387
-527372
634217
-576581
2786488
1923231
271812
-396672
2201135
-162680
926332
2282764
-231218
-259780
-2081872
206159
