-940610
0
-32637
-3206
1041451
0
-75074
40919
-207
4
749031
505061
457733
-185866
3264
1090401
0
885413
0
-229820
7316
-54495
-20720
719349
716650
0
-1591027
543484
1598714
0
-1201820
10784
-73
3
542825
103984
-390693
-259002
-711524
1681937
0
-1304784
0
-1714929
-679
-1410806
-1368824
-1120285
-406434
0
1461623
915275
858140
0
3436549
30
-393
0
-953800
2516406
-1373177
-397949
-311010
2333345
0
-819585
0
1716529
-80
-2004714
2454872
-2587212
-938616
0
-1097171
4037110
2547842
0
-551749
819
-268
1
-454200
346734
1011931
498959
-1363156
-780497
0
-33940
0
3273321
1438
-1493268
-385086
-1140786
-595243
0
-330005
1774587
1472728
0
37617
236
-225
0
322572
-122224
-38933
149698
-438816
-175707
0
-629206
0
1891438
-113
-1992189
461967
-190033
-1133535
0
-714335
1697362
2831606
0
-62890
5920
-305
1
-508005
509224
1342655
119568
-1005136
524122
0
-429871
0
1220776
-946
-1752273
305851
-393828
-1610417
0
-478981
1386407
2497495
0
668948
0
-471
0
-58074
1154166
1624897
100769
-1077082
1570087
0
-118675
0
975315
-2
-1561488
446776
-1179652
-1486222
0
-485144
1522688
1991869
0
-37824
133
-446
0
-88948
1385964
1123782
199240
-1150284
1911293
0
20860
0
573131
113
-1266642
-199272
-1333955
-826381
0
-642795
1547432
1601135
0
94294
193
-351
0
682553
797216
558777
282164
-507735
1511421
0
-93515
0
830979
1
-1666182
171078
-1077192
-998631
0
-396847
1787983
1544353
0
431971
7025
-388
0
389450
909116
665886
182965
-614859
1363290
0
-200005
0
989198
-585
-1680341
117229
-844325
-710972
0
-581138
1691430
1965777
0
148277
0
-257
0
368055
653545
949473
207620
-391595
1063701
0
75571
0
1049450
8
-1479186
-6486
-689341
-745053
0
-536275
1964071
2053321
0
299500
178
-279
0
401110
300016
1221421
274663
-407991
588708
0
131655
0
947783
-42
-1268427
-172244
-524460
-414767
0
-511159
1989814
1693630
0
192393
203
-167
0
737191
-304235
757064
217146
3622
334853
0
-426341
0
1024781
-97
-1944646
177137
-265551
-1024164
0
-415102
1856004
2103095
0
390488
4837
-280
1
412563
-492162
1322757
177318
-335859
-19976
0
-515299
0
1121294
-2306
-1985252
323462
-47098
-1177413
0
-719127
2063912
2460004
0
317025
0
-331
0
599193
-605762
1765955
172587
-355996
-262344
0
-327801
0
1045615
-4
-1645782
421960
-187921
-1003302
0
-585505
2626253
2218121
0
124570
209
-247
0
278841
-485119
1499861
286897
-534284
-733603
0
332432
0
1045202
-83
-822255
-18478
-226596
-897565
0
-492409
1120103
1949885
0
-80860
308
-206
0
526052
-405384
1017562
96181
-152884
457430
0
-474144
0
355727
-234
-1788255
665856
-170282
-1191332
0
-353046
1205135
1867688
0
-225930
5049
-252
1
774530
-486327
942456
90839
195382
100295
0
-883964
0
1229246
-2201
-2297374
1414152
-16584
-1586442
0
-316566
410578
2695623
0
-155656
0
-311
0
-94232
-163582
1730229
-53453
-557867
324603
0
-754419
0
1193090
-7
-2041226
780518
-262195
-1140438
0
-420185
549667
2251262
0
-249647
389
-225
0
375478
-660517
1540119
13915
-276908
25767
0
-170160
0
465987
-124
-1361065
318861
104212
-1923445
0
-240722
1173356
2672249
0
-231378
586
-389
0
198233
-290834
1948643
128833
-477995
110315
0
204698
0
772859
-395
-1121080
1060178
-286266
-2162737
0
-150193
1150082
2504153
0
70312
4697
-417
1
552287
-580862
2058014
71255
-175391
44821
0
-931324
0
1272988
-794
-2386965
1572107
-218650
-2563316
0
-181653
1200110
2924384
0
32711
16
-485
0
-302774
-324024
2487914
60658
-1101539
226609
0
-752852
0
991684
4
-2234766
1410323
168419
-2108314
0
-128201
1014662
1965070
0
-48378
1001
-376
0
156038
-2559
1787949
127981
-958695
1510235
0
-776469
0
734184
152
-2581741
433141
-286847
-1772554
0
-74780
1135530
1982069
0
83681
1015
-356
0
147139
-390979
1375605
264354
-614853
1463569
0
-614267
0
752549
24
-2660940
950924
316952
-2207738
0
370507
553740
2009587
0
240906
9057
-321
3
54451
108430
1426046
189586
-292538
908229
0
-623442
0
760524
-2990
-2077541
1870695
-291506
-2640816
0
131998
411303
2245350
0
159450
17
-454
0
102119
18357
1908238
154346
-827527
1174168
0
-780565
0
484543
-11
-2247251
1521127
-233215
-3614820
0
351018
905438
2449856
0
432093
1272
-604
0
-303036
1397074
2642371
204899
-1734674
1196218
0
1480352
0
54108
-605
544200
714310
-1080519
-3495060
0
214215
931441
2297307
0
345266
1092
-636
0
-178726
1783915
2390535
243560
-1508811
1254961
0
2552690
0
-217073
243
1629438
1045430
-611972
-2477295
0
994973
1130734
514421
0
423574
12753
-271
5
537696
183127
462542
268849
-36469
493221
0
1026698
0
554921
3144
-301903
1654525
195547
-2311497
0
-39266
1253283
49519
0
592114
13
-417
0
1572752
56443
759289
286511
167328
994616
0
594451
0
779112
31
-1020931
1333563
205428
-3443666
0
518251
1766677
1017052
0
861349
681
-539
0
-67211
1138399
1839622
626726
-1439687
-637679
0
5638334
0
-875729
472
5231713
-25192
284138
-2524002
0
-44898
1177
96187
0
746201
21
-447
0
1092537
782118
871432
58546
-472620
2694472
0
-180127
0
97375
169
-1850997
877287
-1048075
