-467995
-88774
361873
563678
15482
-2905
64193
-60094
515533
340253
91143
169216
-108386
68837
46084
356601
26424
-12039
-61352
-594248
-53992
67344
425296
70786
-655044
-251663
538238
372074
6166
3968
19412
-430629
-143088
79447
230948
124993
-811965
46658
888812
195129
6565
20523
-82069
-403629
46162
6402
537054
-29127
-189508
112940
75528
1246736
4912
-3635
55431
-570775
-1776
231565
-211553
201940
-844871
-15373
961176
151714
16509
21952
-73728
-989285
-77746
43886
837537
94614
-42702
144451
96617
516266
12383
43
15702
-105468
178201
171936
147230
129844
-416984
-70169
400459
339150
8141
6872
-42764
-732827
-243847
14871
374552
123335
-338192
-53572
228923
347523
18261
-8239
4327
67331
203021
142896
134718
90606
47593
79469
144834
115181
13122
3240
-13048
-802170
29745
152473
419244
149421
98481
-8973
34273
-147500
27268
-3480
24655
36829
83951
81332
378502
58319
134456
8659
-53170
185249
12248
995
17290
-217683
-263434
283
80597
50230
192826
-34035
107804
-690050
28096
7037
-36768
-4171
169663
124754
381328
126370
396899
64788
-314536
229868
17640
-3828
21370
-242160
-203722
21459
41194
7955
-13452
-59956
202691
-231041
12867
10760
13603
-58090
-12882
83062
255951
99983
182970
1233
-57736
-64007
18084
1119
7093
-382626
10924
101143
285062
100615
192781
-38069
-28653
-265990
29434
-1791
-21427
-61050
58681
67777
457322
80499
238510
42111
-110301
118442
13812
2842
8288
-161246
-134327
66385
111955
102166
82165
-119073
56790
-426331
23684
2748
-1173
44911
-47041
18649
394581
50945
274048
26784
-145901
23694
15174
663
7049
-223250
9102
98363
229734
111070
-21836
-57199
110747
-63364
24615
-1929
19069
141200
-8076
42949
312895
49901
-874
14876
34466
253604
10545
800
29080
-168542
-1399
84636
261607
48221
-24878
-90989
77666
-75347
15981
1318
-3418
-48386
132978
137372
309025
133977
244391
39307
-120193
41159
14391
607
31665
59709
-49519
91720
24177
114798
91293
-107106
-31094
-221843
29720
-5849
5162
281063
-107846
-58574
541589
-22095
283866
40624
-120140
-41321
16794
1119
47000
-27668
38324
108444
276741
81540
124636
-22692
83141
-361506
23251
3325
12905
-67006
141623
146050
301734
130235
134029
-58601
-63293
43997
12831
550
49030
37377
-10157
77458
200141
62196
276307
36613
-101081
-313762
28456
-572
-15210
51970
121528
106228
344004
104115
324686
-5292
-203774
87863
12078
1496
49934
280912
-245813
28972
-99997
89501
-3559
-68096
115389
-297079
22909
138
-17461
187059
-46676
-603
320479
36332
279571
-5033
-151914
36521
11925
-435
37936
72312
59055
138050
203935
157283
235001
-262
-125879
-253012
35288
-7484
6744
162102
-111668
-28714
439585
11597
405080
47423
-144572
-143647
12635
6661
39502
37477
-71641
89009
218293
129464
347142
-8113
-144863
-389471
27920
-1313
-7348
-4376
42237
88807
320071
117125
366728
9550
-192935
-104371
20967
-1209
46306
90246
24208
96459
122680
72425
318985
-61153
-125384
-547397
35512
-2811
4974
53115
30694
70676
413704
83996
394353
-16178
-191124
-186483
22920
180
43273
103488
-83850
84886
195019
146841
341649
-17599
-161434
-465562
35831
-6056
-6697
85719
-49759
53949
244763
115073
386371
-35718
-257187
-58785
17210
-2225
49600
-35903
44141
110353
306644
91919
295605
-41825
-87676
-582188
32620
-761
-3958
-146843
190203
157305
373569
123832
294626
-39156
-191337
-19382
17810
-1474
64012
132828
-251548
5135
-49655
22098
207735
-20335
-66867
-302880
24953
-667
1808
194114
81655
119754
274613
152167
292814
-40118
-143955
-155686
20362
-1275
38164
-25121
-70633
82217
112120
110329
304440
-9280
-153987
-357381
31295
-4722
14780
205612
79196
96430
386354
107690
276333
-47523
-132155
-178009
18123
-364
48872
29376
-35336
76520
290206
94549
237074
-34000
-103327
-340536
27203
-4034
17475
244842
45157
78487
302908
96501
221447
-40712
-92796
-138605
18140
-1447
48090
-38843
76460
120385
254358
91272
242106
-20034
-100287
-344043
30124
-4390
28608
196238
171964
138932
397819
111585
259361
-24177
-91690
-217700
21011
-925
62314
159643
-1213
81001
276083
79742
306204
4415
-173245
-299358
30404
-7438
33108
381886
89963
98940
260438
96323
256308
-12490
-78500
-180796
16235
1266
59112
105758
11790
97136
234003
98475
414030
27936
-236207
-395130
32027
-6167
27774
320398
132564
106743
373170
89215
245947
-39647
-69027
-260134
16086
2288
55622
256407
-63370
63860
251785
102637
274038
28311
-153830
-214104
27405
-6615
24191
310878
66283
97013
123546
96290
140362
-50879
18858
-220337
14432
3126
50648
175697
-42025
79968
299900
130638
261759
41549
-197576
-88686
31364
-11337
32546
313248
85888
105085
103335
83681
-17866
-90409
82388
-13958
8419
3475
61545
128368
-65634
69072
257690
85895
81284
33090
-81124
127088
18308
-6008
36037
282340
-23935
85319
167628
110998
22115
-95808
120831
-231387
14383
3652
44822
120726
-68461
73079
263935
128100
185462
33372
-133803
-49672
29903
-9502
19415
129030
145723
140229
90518
101501
-30099
-106707
125204
-83784
10711
4610
43365
183515
-82748
64220
374412
149252
124744
47766
-190875
289195
27571
-15495
30541
14126
-29609
114884
-337911
101556
-45344
-55691
60462
134149
4078
2699
-19909
-135634
290631
143635
174234
7652
-325946
-23614
220777
606159
126
3964
101807
27504
-486035
-39601
556930
93983
