-16897
-16836
-18771
-19373
-19190
-18936
-18434
-18770
-18029
-17789
-18605
-18590
-18315
-18558
-18940
-18342
-19910
1466
4019
7435
9191
10449
11266
11661
11818
11814
11503
11463
11697
11670
11744
12091
12358
13004
-4028
-9687
-14005
-17105
-19473
-21203
-22425
-23170
-23736
-24108
-24356
-24545
-24650
-24713
-24765
-24791
-24744
9647
10030
10351
11230
11559
11770
11848
11921
11940
12013
12109
11991
12045
12005
11966
11871
11881
17760
18661
22355
22521
22826
22646
22101
21836
21374
21005
21094
20845
20023
18954
17163
13606
8366
-3849
-3689
-4789
-4912
-4888
-5067
-5189
-4459
-4985
-5020
-5361
-5127
-5259
-5113
-5150
-5313
-4579
-6265
-6712
-7205
-7259
-7112
-7034
-7007
-6937
-6824
-6835
-6882
-6613
-6290
-5866
-5102
-3980
-2533
3551
3375
2124
2548
2097
1935
2112
2105
2126
2446
2539
2114
2014
1692
912
216
-226
