-889413
-168712
687731
1071256
29423
-5521
121998
-114208
979757
646642
173215
321590
-196503
124801
83550
646515
47907
-21826
-111230
-1077366
-97887
122094
771058
128334
-1590787
-611169
1307122
903588
14974
9637
47143
-1045791
-347491
192938
560861
303549
-2115655
121573
2315887
508427
17107
53474
-213840
-1051694
120280
16680
1399347
-75892
-374830
223384
149387
2465929
9716
-7189
109638
-1128941
-3512
458014
-418433
399418
-1669766
-30383
1899626
299842
32628
43385
-145712
-1955181
-153654
86734
1655273
186991
-104321
352895
236035
1261239
30251
106
38359
-257659
435345
420041
359683
317210
-1098458
-184846
1054928
893422
21446
18103
-112652
-1930483
-642365
39174
986681
324901
-700985
-111041
474499
720325
37850
-17078
8968
139560
420811
296186
279235
187804
101757
169909
309665
246264
28055
6927
-27898
-1715092
63596
325997
896372
319472
246940
-22501
85940
-369856
68374
-8727
61823
92349
210507
203940
949093
146235
365147
23516
-144395
503087
33263
2703
46955
-591168
-715416
769
218881
136411
414139
-73098
231534
-1482044
60342
15113
-78968
-8958
364391
267938
818992
271409
893916
145918
-708415
517720
39730
-8622
48131
-545406
-458833
48330
92779
17916
-33669
-150063
507316
-578274
32204
26930
34047
-145393
-32242
207896
640620
250248
499755
3369
-157696
-174825
49394
3056
19373
-1045086
29836
276256
778605
274816
420828
-83101
-62548
-580638
64253
-3909
-46774
-133269
128096
147952
998304
175724
561135
99073
-259501
278654
32494
6686
19498
-379359
-316027
156182
263394
240363
205872
-298348
142293
-1068206
59341
6886
-2938
112527
-117864
46727
988656
127646
751338
73433
-400008
64960
41601
1817
19327
-612070
24953
269674
629846
304514
-48168
-126173
244291
-139773
54298
-4256
42064
311466
-17815
94739
690201
110075
-2116
36018
83448
614016
25530
1936
70407
-408068
-3387
204917
633392
116750
-62129
-227233
193962
-188169
39911
3292
-8537
-120838
332095
343069
771751
334590
666684
107227
-327879
112278
39259
1655
86380
162882
-135086
250206
65954
313163
202690
-237797
-69036
-492537
65985
-12986
11460
624018
-239440
-130047
1202438
-49055
700907
100306
-296644
-102027
41466
2763
116050
-68317
94628
267765
683313
201333
309775
-56400
206641
-898500
57788
8263
32075
-166539
351995
362998
749940
323690
362366
-158435
-171122
118952
34691
1487
132558
101053
-27462
209418
541107
168155
616003
81626
-225351
-699506
63440
-1275
-33909
115863
270936
236826
766928
232115
812408
-13241
-509870
219846
30221
3743
124942
702880
-615058
72491
-250206
223944
-8765
-167683
284141
-731545
56413
341
-42996
460626
-114937
-1486
789168
89467
759490
-13673
-412694
99214
32397
-1181
103059
196444
160430
375030
554016
427280
521715
-581
-279458
-561701
78342
-16615
14973
359875
-247910
-63747
975903
25745
1016050
118950
-362625
-360305
31692
16708
99081
94003
-179694
223258
547536
324730
853158
-19938
-356025
-957189
68617
-3226
-18060
-10754
103805
218257
786626
287854
982819
25595
-517059
-279711
56191
-3241
124099
241856
64877
258507
328780
194096
705774
-135305
-277420
-1211148
78573
-6219
11006
117520
67912
156374
915344
185846
987103
-40494
-478402
-466784
57372
451
108316
259040
-209885
212478
488152
367557
836521
-43091
-395268
-1139919
87732
-14828
-16397
209881
-121834
132093
599297
281754
1029737
-95193
-685441
-156672
45868
-5931
132192
-95688
117642
294106
817252
244978
653249
-92427
-193752
-1286561
72087
-1682
-8747
-324505
420325
347624
825541
273654
730557
-97092
-474441
-48060
44161
-3654
158724
329362
-623740
12734
-123125
54795
504639
-49398
-162436
-735768
60616
-1621
4393
471550
198360
290910
667101
369650
776917
-106443
-381952
-413078
54026
-3383
101261
-66652
-187410
218144
297485
292734
671326
-20464
-339560
-788067
69009
-10412
32592
453398
174636
212640
851954
237469
688689
-118439
-329362
-443641
45167
-907
121801
73211
-88065
190707
723263
235638
571502
-81963
-249086
-820913
65576
-9724
42126
590229
108859
189206
730206
232631
586090
-107749
-245596
-366837
48009
-3831
127276
-102802
202362
318616
673194
241565
530870
-43928
-219901
-754390
66053
-9626
62730
430294
377069
304639
872306
244674
643113
-59950
-227355
-539810
52100
-2293
154515
395851
-3008
200851
684577
197730
729724
10522
-412864
-713408
72456
-17726
78900
910083
214394
235786
620657
229551
669754
-32637
-205127
-472435
42424
3307
154465
276355
30808
253824
611469
257324
901818
60849
-514493
-860651
69760
-13432
60495
697872
288743
232502
812817
194323
605499
-97608
-169937
-640426
39602
5634
136937
631251
-156012
157217
619871
252682
639215
66038
-358819
-499414
63924
-15429
56427
725147
154611
226290
288180
224604
361672
-131100
48592
-567743
37186
8054
130504
452719
-108285
206055
772755
336617
563927
89512
-425652
-191063
67570
-24424
70117
674853
185034
226393
222621
180279
-43445
-219854
200349
-33943
20472
8451
149664
312160
-159607
167967
626642
208876
183147
74557
-182786
286353
41251
-13536
81197
636163
-53929
192239
377697
250099
55514
-240497
303308
-580826
36105
9168
112512
303046
-171851
183443
662526
321554
392737
70670
-283344
-105187
63323
-20122
41114
273237
308585
296952
191682
214941
-72019
-255317
299575
-200471
25627
11030
103759
439097
-197992
153659
895855
357114
267689
102501
-409600
620585
59165
-33251
65539
30314
-63539
246531
-725126
217929
-108463
-133212
144625
320884
9755
6455
-47623
-324437
695190
343576
416767
18303
-683909
-49547
463241
1271859
264
8318
213614
57710
-1019812
-83091
1168565
197198
