2979035
1918078
9645877
469661
8148764
303237
6681463
312222
5981911
3973067
10424372
274606
9265225
11555837
12536958
287336
5862861
3505900
11664630
7620040
4356587
9201305
3459227
9563871
3189842
9404196
7114257
13091350
3789909
12003599
13178094
12957870
3098706
0
8548661
30305801
13788645
10515472
10046708
9266660
10687865
8419611
10768139
10027989
15131903
11452924
15385979
16600272
11609084
8714528
0
3405686
10050394
3092209
9150765
2444857
8106260
5450450
9415309
6655592
10846588
4630307
10285366
13773104
14567936
3388296
11649324
0
