109920
23464
-73645
-144413
-176145
-196231
-208661
-216619
-208560
-202146
-199833
-195688
-184764
-171852
-150514
-116573
-98223
217072
25068
-135532
-235895
-316695
-368463
-403338
-426640
-430975
-427372
-410885
-419746
-410836
-398173
-376328
-347395
-300571
-373930
-384504
-430413
-427220
-429096
-423334
-414905
-398557
-395087
-388445
-374540
-360832
-340183
-301162
-236729
-142911
30557
-496459
-515085
-566073
-575572
-581763
-573453
-558655
-566523
-543985
-534634
-527280
-522995
-501391
-477523
-432322
-346833
-243179
