-468018
64203
-88775
-60131
361886
515554
563704
340299
15481
91124
-2905
169241
-108422
-61367
68830
-594268
46106
-54001
356617
67348
26424
425316
-12039
70799
-655059
19416
-251648
-430634
538247
-143086
372140
79456
6164
230946
3969
125014
-812012
-82092
46656
-403649
888848
46199
195161
6413
6565
537093
20523
-29123
-189547
55446
112944
-570764
75544
-1796
1246800
231585
4912
-211550
-3635
201971
-844916
-73747
-15363
-989310
961219
-77713
151758
43900
16508
837562
21954
94632
-42728
15706
144455
-105470
96620
178194
516337
171955
12382
147228
43
129865
-417029
-42774
-70167
-732848
400490
-243829
339198
14877
8140
374575
6872
123354
-338244
4329
-53578
67318
228948
203034
347583
142920
18259
134703
-8239
90624
47557
-13052
79474
-802232
144862
29757
115244
152501
13121
419300
3240
149451
98436
24662
-8979
36818
34296
83958
-147450
81346
27266
378494
-3480
58330
134418
17295
8664
-217687
-53154
-263437
185314
281
12248
80595
995
50231
192769
-36777
-34047
-4182
107857
169685
-690034
124782
28094
381352
7038
126400
396836
21373
64787
-242167
-314499
-203725
229926
21460
17640
41182
-3829
7954
-13501
13606
-59950
-58096
202721
-12888
-230955
83070
12864
255950
10760
99998
182903
7093
1231
-382661
-57692
10946
-63961
101161
18083
285085
1119
100631
192709
-21430
-38073
-61076
-28614
58688
-265890
67791
29432
457319
-1791
80515
238441
8288
42117
-161269
-110253
-134316
118507
66394
13810
111973
2842
102180
82109
-1171
-119079
44901
56818
-47032
-426256
18658
23682
394578
2748
50956
274002
7050
26788
-223246
-145873
9097
23746
98371
15173
229735
662
111087
-21887
19073
-57202
141191
110775
-8070
-63305
42957
24614
312879
-1929
49909
-912
29088
14879
-168547
34488
-1409
253677
84647
10544
261615
799
48228
-24910
-3418
-90993
-48383
77685
132975
-75314
137387
15980
309023
1318
133998
244368
31673
39310
59705
-120182
-49515
41196
91731
14391
24180
606
114815
91251
5163
-107110
281054
-31072
-107836
-221795
-58576
29719
541588
-5849
-22097
283829
47009
40627
-27682
-120119
38333
-41271
108459
16793
276752
1119
81553
124588
12908
-22694
-67017
83170
141623
-361448
146068
23249
301732
3325
130256
133984
49039
-58599
37356
-63263
-10146
44045
77471
12831
200156
550
62208
276267
-15212
36614
51967
-101060
121528
-313708
106240
28454
344007
-572
104131
324639
49945
-5288
280912
-203751
-245816
87942
28973
12076
-100000
1496
89512
-3627
-17464
-68102
187051
115428
-46666
-297009
-597
22907
320474
139
36341
279554
37948
-5031
72313
-151907
59065
36583
138078
11926
203961
-436
157320
234957
6747
-267
162093
-125852
-111662
-252974
-28714
35287
439580
-7484
11598
405043
39511
47428
37472
-144556
-71641
-143586
89018
12634
218292
6661
129480
347088
-7350
-8112
-4377
-144830
42239
-389398
88818
27918
320070
-1312
117145
366681
46317
9552
90237
-192904
24214
-104328
96472
20966
122684
-1209
72434
318935
4977
-61159
53110
-125355
30697
-547343
70686
35511
413705
-2811
84009
394314
43282
-16176
103477
-191099
-83839
-186444
84899
22920
195034
180
146863
341630
-6697
-17602
85714
-161418
-49753
-465545
53965
35832
244774
-6056
115101
386333
49610
-35715
-35905
-257162
44145
-58743
110365
17210
306653
-2226
91934
295564
-3958
-41832
-146843
-87651
190201
-582158
157323
32620
373568
-761
123853
294574
64021
-39152
132846
-191309
-251553
-19329
5127
17808
-49681
-1474
22097
207705
1808
-20341
194134
-66857
81652
-302847
119765
24952
274610
-668
152191
292783
38170
-40117
-25102
-143944
-70637
-155657
82216
20360
112093
-1276
110335
304425
14783
-9286
205615
-153977
79193
-357384
96441
31295
386350
-4721
107708
276334
48882
-47523
29388
-132160
-35342
-178000
76526
18123
290196
-364
94563
237050
17478
-34001
244839
-103313
45150
-340519
78487
27201
302887
-4033
96509
221431
48100
-40712
-38838
-92796
76467
-138565
120400
18139
254362
-1448
91287
242062
28615
-20038
196239
-100260
171960
-344002
138947
30122
397817
-4390
111603
259340
62328
-24176
159636
-91675
-1209
-217681
81011
21011
276088
-925
79754
306166
33112
4414
381852
-173222
89961
-299316
98946
30401
260418
-7438
96333
256289
59125
-12490
105760
-78489
11787
-180775
97146
16235
234001
1265
98490
414005
27779
27931
320395
-236193
132565
-395109
106756
32027
373167
-6167
89230
245936
55635
-39645
256395
-69033
-63368
-260092
63868
16085
251758
2288
102642
273998
24197
28300
310893
-153800
66232
-214096
96996
27402
123622
-6613
96297
140387
50657
-50872
175785
18845
-42073
-220351
79961
14432
299848
3126
130668
261793
32551
41548
313324
-197598
85873
-88737
105084
31365
103289
-11337
83688
-17842
61563
-90413
128460
82361
-65657
-13960
69070
8419
257670
3474
85910
81287
36043
33083
282377
-81120
-23951
127041
85313
18307
167620
-6007
111009
22150
44834
-95808
120775
120792
-68473
-231383
73083
14384
263907
3651
128116
185478
19421
33364
129089
-133800
145684
-49744
140226
29903
90556
-9501
101515
-30060
43375
-106698
183539
125175
-82760
-83788
64224
10711
374388
4610
149274
124755
30544
47765
14143
-190874
-29630
289159
114879
27569
-337870
-15494
101564
-45322
-19914
-55689
-135643
60446
290623
134138
143650
4079
174227
2699
7653
-325955
101827
-23608
27503
220787
-486041
606180
-39608
125
556930
3965
93997
