132009
-2561516
-577869
-445901
1359153
1946168
1943969
-1741024
-197203
-2489874
2321273
-3277205
-2950433
-118122
24751
924868
1369637
3390872
-1229655
-693547
1906016
-112200
3634012
-1368141
3471531
-4245159
-959380
-988689
1094083
1318337
81291
-773140
-55748
-174697
23765
-2308409
509097
1145275
-2242452
-3840605
814612
4845242
-2598826
-1518119
3038945
-202876
6623201
176377
-470517
-4049140
111658
-1082243
796238
-745043
1859236
-794379
586355
-524276
-756029
-3886608
880998
-564126
-619813
-3890955
2097777
4194283
-1687926
-1353954
-642624
941742
2712844
-505641
-1487481
-1605444
268410
-735215
2115193
1001692
728895
-471378
29096
-1658699
2303939
-2875691
1418275
-2597158
349073
-1872981
1136744
1968306
-898206
405444
-931307
1350797
527589
-1387252
-1300968
-981134
-906208
846111
1076005
3046768
1657350
632387
-161073
-2034812
3435645
-680841
690158
-1476625
-156826
889828
3307757
43068
-469445
-1725665
-254804
288710
1177884
-2664362
-1002119
-1700069
1730456
-25244
4541492
2476793
394476
-973946
-276273
-1917680
2691757
-630220
451819
-2800748
3142744
-153443
2134958
374819
-161703
-414143
2160228
-379817
693608
-1406236
385926
120424
3158021
513729
3843187
3037758
-538896
731490
-65108
-1592960
4200824
-2015579
-1091063
-2184083
4558617
484535
1537042
724376
18698
-1358516
3467392
-729476
1900459
-1009648
2214212
-1525212
2905389
-397494
2446619
1448077
-153422
-292173
332016
-1355708
1962767
-2103349
-170190
-1838103
3782862
-148679
2772511
1657977
26267
-1266516
-228292
-471944
1270968
-2091227
-517584
-1608221
3099061
118987
3814941
2458241
-329482
178431
-181233
-1363250
3616199
-695630
119904
-1941377
3873642
46274
1703722
702161
-392766
-93207
1669664
-846881
1546254
-2611279
629725
-1209358
4037430
89874
2823429
3216906
-165543
219733
-101979
-1499342
3002599
-75275
-22721
-2180136
4169607
223703
2455435
692096
99845
-405914
-236678
-885289
1497483
-2344442
-218267
-1836706
1613294
15197
3246512
2363925
812728
232521
-70689
-1902249
2779494
158762
-72132
-1558588
1938955
329310
908622
1282789
-160643
-2010158
1671489
-1271803
2096496
-1623825
630382
-1602004
2778664
309298
1547542
2322665
-605669
-205480
-25113
-1579553
2896409
-3155048
-181763
-1823741
3593744
404645
2316394
785766
576332
392458
735147
-1664558
1021538
-2975114
-818984
-1647315
3058371
410570
2963576
3246422
147728
330861
-11428
-2005082
3824026
2183723
-40900
-1626444
3449401
593993
2674991
823015
115921
-1770740
660470
-1754833
1518766
-2162502
265332
-925632
2526113
219307
3971914
2352599
-80913
-620552
-341887
-1646367
2347050
-2874391
1088070
-2811424
3649292
397965
1870524
675382
639005
-1322929
601902
-1863911
1288292
-1495713
-1754656
12831
3927795
291748
2738164
3411694
-298126
369083
160085
-1750340
3740738
-1732115
988836
-2913804
4748758
514816
1772618
-222538
125797
742140
2559236
-1897554
695174
-2897789
-230293
-567217
2031964
549877
2844809
3299727
-33860
1257717
375422
-1782222
4008947
370446
1127939
-2840907
3261117
1236630
2670393
-551269
45399
-192184
-694362
-1939252
875906
-3960969
-2577177
-660496
3391315
193968
3513908
3924102
425140
479036
-143741
-1711416
3122351
1429772
1585566
-2161854
4334042
652813
3138602
-681838
-237271
-344949
208367
-1566726
733980
-3092352
-793132
-1074338
4276675
555806
3941666
2469479
-314438
539449
-355801
-1476183
2782449
-2012460
54043
-2792803
4385342
257308
4019899
506097
706297
-988116
979259
-2063735
1610747
-2042286
-1144464
-833679
4551465
341731
3922435
3613268
-250967
-128331
1817
-1681723
2972128
-1104228
553181
-3001248
4818503
85190
4183507
503689
444414
541377
-855489
-1698381
305877
-2683230
-2056804
-805696
4031212
471405
4728270
3662205
-19476
1472513
-362057
-1495807
2475398
-1598650
742098
-3232830
4959462
920009
2937493
-16549
59068
-1922711
67121
-1758993
1095709
-2430141
-1065936
-108021
4233828
657220
3434719
3713713
-234644
-720007
-47327
-1486220
3127651
-2402150
378742
-2702808
4565176
541090
2297746
792522
872588
-645410
2784455
-1671878
635008
-996080
-978601
-518864
3822695
477348
2677558
3145080
-754731
810717
-42264
-2057073
2848649
-3464975
536436
-2731182
4085930
552867
3650945
816114
807265
-5506
-35675
-1423075
517903
-2223976
-1708058
-427215
3773827
831045
3112543
3336917
-247204
89096
-136942
-2137561
2976374
-1787073
740751
-2104803
3849308
1082710
2762980
923812
690720
-680063
-652754
-1715315
829187
-1373944
-1159045
-607480
3335677
1076912
3143484
3080962
13268
438086
-113924
-2237910
2832215
-1620844
540107
-2188759
3141320
1033229
3170137
976993
685581
-1583760
-198329
-1822157
1221730
-2060026
-1466038
-411102
3216559
924328
3061997
3287052
-165226
-724115
-51861
-2365440
2971257
-2244054
283284
-1792471
3121282
985413
3521662
1232066
916482
-910878
-421615
-2205875
1062207
-1192186
-2070996
-530718
3112513
1228885
3598762
3129270
87615
162852
296940
-2739535
2931698
-2058147
921097
-1858040
3049733
1155487
3261135
543840
938545
-835558
-616557
-2091020
725098
-1815471
-2089087
-46665
3795768
1371918
3230655
3143663
16815
-239645
119469
-2569442
3279162
-1560306
1116653
-1431937
3352363
1380402
2610136
959690
577879
52824
-500859
-2233811
954831
-1643105
-2091048
-236439
2739715
1325863
2962371
2980379
831916
870932
344908
-2459358
2830056
-1628994
1441688
-1544142
2631211
1166782
2684909
984396
438160
127793
-1383757
-2040383
518616
-2163701
-3001588
-279643
2421561
1265352
2721030
3377232
1252075
599636
460277
-2490351
2837166
-1136934
1825798
-1721036
2211461
1181467
889239
977960
571137
-849129
-14646
-1965120
758540
-1542432
-2053461
-70086
2012212
1271258
669975
2925165
206024
434369
613689
-2220907
2017046
-2260814
2015945
-1825474
1843216
1058014
2826415
1092934
601726
352194
-1208903
-1803157
533161
-1910437
-2752918
-271374
2317780
953179
2365733
3480585
1318890
435542
324230
-2125972
2900603
-1465310
2154541
-2033517
2188801
828389
1633517
963754
431044
812770
-2106592
-1869250
483854
-1732759
-3579901
-809567
1597470
1093509
1666688
3254303
3124940
1744527
727041
-1611156
1365289
-940147
1252014
-1051890
1889861
1593862
-429595
1074451
235918
-1642371
2712977
-1795069
5548649
-1026742
507228
-1299595
1022318
172047
-1642370
1534264
-1627530
-2191366
779426
-1058525
-1568573
-2222727
