-1087251
-1823040
-114697
1323644
2771383
146124
190364
-363055
-23130
-26441
239910
-615673
-1921786
-3741192
-1114482
845832
2008097
-844332
681706
4306959
1260866
-368641
2967467
-533281
-492818
-2685479
-2111731
1269298
3722935
-3816742
554596
4524576
2149286
-712641
3406965
-1860550
958133
-1162992
900097
397402
-789525
-270612
63989
2645636
470479
-736441
2299265
-586718
488924
-2661250
-971882
1214592
-1857902
1972748
-378200
-1538713
-510444
2305051
512892
1218023
761438
767487
3370054
330894
-576975
374893
321885
-126261
-442172
210724
666829
1438944
-305077
3998673
2196062
-57263
2828175
1747011
-846933
-678076
-779164
2046525
-195939
17405
-982029
2661176
162596
-351621
4448281
-142917
53320
102521
129279
904442
628963
19969
516941
2900594
2751839
-12274
347454
1015892
-10762
-126189
-380142
1031208
254862
1308320
252645
4017808
1252302
-154529
2001869
757072
-257595
-268423
-899317
1690519
-256845
1720931
571548
251589
2079932
695905
-688965
716214
-10338
-382064
-340757
1810078
248172
1746895
30233
2179775
-981233
-237136
2465911
300232
-56126
-394607
-246867
73797
75164
-337762
698248
2578039
1585725
386817
904509
1527729
53393
-710885
-637446
2317089
-626228
2739586
161343
1847470
3191040
71331
1055706
214572
-173717
-354416
-298294
269527
146864
-72148
2222681
4533230
1202835
185877
1392921
1390479
-629897
-478758
-1166071
1186247
-323762
638899
370297
1474096
1352662
89059
3743210
1769550
-410939
-1038100
-860789
2908585
-467274
1823124
1801697
3711228
2451345
400922
-1025308
1159094
-435776
-674539
-1313588
2052941
-759282
2284023
609041
3171138
3732897
232490
967989
1135517
-149279
-465292
-760666
1454378
-175035
593011
462673
5098003
4081708
-231018
1029235
848488
-359323
-364146
-658499
1246414
-106362
1058255
1561815
4708282
5899174
525994
-1542670
2262503
-376724
-878004
-984916
2532262
63779
1075055
467661
4684319
2686760
-385361
475809
664292
-506498
-699884
-886927
312021
-19277
121833
1392675
4013349
1723345
-782632
3452503
1729081
-485158
-575005
-455601
1630092
199045
-219873
1148094
4098764
2315264
-3286
302037
1513066
-524237
-860752
-744020
1841867
-7881
554164
1147757
2441603
2795086
440151
-1497551
887492
-433495
-955250
-640996
1456921
62083
711199
977879
2756012
2174025
-330236
-434045
784736
-458134
-777856
-600835
422974
158503
174325
1652806
2112422
3403647
-137963
-1091937
1011657
-402638
-922416
-529006
1283195
127903
340849
1545378
3518076
2187342
-227034
-1099612
1519200
-544730
-1036139
-832280
1306457
123096
480517
2143202
1818705
1773624
705816
-1426253
1248529
-470078
-1014005
-435007
2309118
435499
564261
2409980
1458607
876957
1344610
-2446913
1525688
-452626
-851504
-600593
2163674
346039
765076
2319063
486510
-2629583
64646
-470109
798851
-569010
-765870
-414458
1120430
634942
-70099
2198162
1295124
484094
1406243
-2942211
1465665
-425848
-614924
-400192
2076980
1053761
648655
3706028
590146
-55830
2613841
-5576046
1155198
-314964
-1178616
-643110
3492606
526997
956919
-213293
-697536
-7737497
-2244792
3870718
-6903076
-72090
265916
17978
-2106228
1998240
-1203220
