-1231699
-357620
954283
1293224
514176
-172967
854513
-148614
1183369
2364917
201675
1653507
-272203
264510
115982
780472
837227
-683746
-779163
-1401132
-118246
446494
897974
659876
-2202937
-1295397
1813704
1090958
261618
301927
330216
-1360037
-419686
705608
653143
1560761
-2929883
257682
3213501
613847
298943
1675194
-1497971
-1367769
145385
61103
1629722
-390111
-519161
473518
207325
2976891
169777
-225241
768031
-1468127
-4290
1674977
-487277
2053679
-2312380
-64360
2635915
362057
570164
1359199
-1020720
-2542723
-185499
317268
1927698
961478
-144549
748040
327519
1522712
528644
3290
268722
-335085
525777
1536142
418863
1631002
-1521285
-391799
1463861
1078643
374742
567138
-789111
-2510610
-775772
143307
1149106
1670532
-970857
-235396
658455
869690
661417
-534995
62841
181457
508275
1083260
325147
965668
140794
360151
429726
297420
490250
216979
-195422
-2230458
76837
1192226
1043938
1642595
341803
-47725
119322
-446318
1194859
-273399
433075
120060
254266
745887
1105240
751917
505505
49872
-200293
607511
581271
84629
328925
-768813
-864066
2791
254890
701296
573284
-154991
321400
-1788887
1054439
473515
-553127
-11681
440128
979939
953750
1395524
1237678
309295
-982832
625122
694307
-270142
337121
-709303
-554172
176742
108015
92095
-46794
-318054
704022
-697801
562688
843692
238488
-189099
-38960
760290
746030
1286693
691798
7126
-218642
-210887
863188
95732
135674
-1359229
36109
1010381
906795
1413019
582535
-176168
-86670
-700652
1122818
-122468
-327615
-173386
154731
541136
1162562
903554
776824
210035
-359910
336561
567823
209467
136548
-493418
-381657
571198
306783
1235848
284891
-632431
197532
-1289256
1036980
215721
-20556
146307
-142326
170947
1151326
656356
1040263
155674
-554916
78588
726978
56896
135367
-795965
30122
986213
733488
1565715
-66857
-267459
339048
-168568
948864
-133312
294641
405028
-21499
346502
803731
565978
-3058
76357
115853
741366
446138
60614
493183
-530658
-4121
749374
737584
600247
-86146
-481678
269194
-227047
697442
103141
-59788
-157136
401085
1254648
898734
1720360
923122
227303
-454900
135660
686076
51823
605086
211810
-163138
915051
76816
1610159
280552
-504072
-95721
-594437
1153118
-406809
80281
811491
-289163
-475557
1400293
-252207
970472
212635
-411529
-123013
724636
86551
812872
-88888
114314
979274
795782
1035201
428804
-119557
286823
-1084446
1009850
258877
224677
-216615
425129
1327553
873334
1664332
501627
-335820
-237324
143748
606233
46571
928499
131343
-33130
765911
630191
864628
852905
173023
-312619
-844263
1108639
-39954
-237502
150667
327230
866113
893132
1193464
1124844
-28045
-707384
265626
528081
117224
875192
914076
-742857
265096
-291386
1151412
-12368
-355466
394387
-882877
985793
10706
-301169
599006
-138788
-5378
919008
460052
1051574
-28970
-572552
119960
566147
-37059
721896
255455
193779
1371548
645205
2196933
722324
-1258
-387676
-677953
1369064
-520476
104897
467982
-299400
-233101
1136470
132373
1406873
252159
-503097
-434757
553815
523391
694056
122232
-217029
816483
637630
1669608
1181249
-42259
-493881
-1155249
1199074
-101031
-126503
-13991
125378
798210
916060
1480071
1360813
54264
-717322
-337514
981978
-101522
869290
314497
78375
945415
382891
997953
977185
-286831
-384841
-1461888
1373103
-194814
77109
152818
82031
571898
1065964
955564
1366783
-85823
-663712
-563358
1002610
14096
758725
336839
-253458
777093
568517
1889849
1158245
-91346
-548352
-1375898
1533163
-464499
-114831
272908
-147117
483139
697888
1448706
1425814
-201764
-950982
-188988
801568
-185827
925948
-124444
142098
1075590
951756
1259608
904482
-195949
-268763
-1552989
1259768
-52690
-61260
-422010
507649
1271312
961376
1407053
1011555
-205797
-658257
-57861
771726
-114493
1111820
428414
-753406
46494
-143470
281701
698711
-104738
-225352
-888084
1059308
-50815
30765
613299
239564
1063879
776862
1900631
1075831
-225638
-529976
-498595
944161
-106036
709323
-86620
-226380
797752
346381
1505117
929592
-43405
-471120
-951318
1205998
-326150
228291
589639
210913
777651
992132
1221000
953686
-251051
-457019
-535512
789354
-28435
853180
95248
-106383
697421
842245
1211574
791383
-173752
-345595
-990987
1146025
-304611
295091
767625
131464
691929
850363
1196107
811546
-228393
-340775
-442697
838979
-120045
891533
-133676
244427
1165240
783977
1242059
735003
-93134
-305039
-910551
1154309
-301532
439418
559591
455402
1114103
1015835
1258041
890495
-127065
-315411
-651572
910512
-71861
1082331
514772
-3621
734550
797236
1016650
1010452
22300
-572829
-861130
1266244
-555315
552673
1183517
258950
862326
722781
1180294
927390
-69179
-284581
-570231
741399
103578
1081976
359398
37199
928258
712077
1323073
1248742
128954
-713834
-1038875
1219122
-420812
423746
907557
348739
850301
946556
999158
838445
-206885
-235817
-772964
692077
176425
959223
820886
-188419
574971
721793
1299082
885104
139933
-497814
-602886
1117113
-483255
395297
943146
186604
827398
335830
1154831
500926
-277851
67376
-685395
649913
252309
914112
589044
-130934
753424
899753
1730903
781015
189731
-590672
-230774
1180914
-765147
491115
877841
223440
827853
259139
926883
-60082
-466040
277898
-40979
357780
264690
1048429
406246
-192836
614195
729696
1073990
253646
158017
-253628
345566
720910
-424018
568771
827478
-65183
702968
439855
1285939
76993
-509774
420715
-701130
631006
287107
788165
394260
-207591
670835
771461
1653288
543900
149759
-393139
-127158
1106660
-630263
288014
355497
372599
1085846
223316
1105129
-99599
-541143
415574
-242008
447880
345580
726823
571106
-239162
561926
1043197
1836155
370747
217279
-568368
749095
1033979
-1041619
459051
39471
-76799
901512
-844396
1120510
-150124
-282356
200618
387323
170496
202237
-333596
-421949
839604
1256491
485325
94105
-947089
-104996
642792
1535372
4594
260631
1496287
75048
-1231714
-303902
1360849
1013915
