1478376
736467
4700938
-1617578
7939389
-271878
5643524
2885586
8872873
-103231
4480790
-582090
3604522
5862541
-572024
-907000
13712866
-2046442
334205
-1667790
-1561065
16287
-149542
-582692
2199168
745255
-3135657
984571
-3580601
408560
1491882
1564722
-390898
2571051
-1258531
783910
17439048
-1228209
10907144
-3073041
37044262
152824
3358510
7518385
-23271478
8386
3669354
1884441
7868011
-1000112
7992452
-6397540
27686700
-1176876
36897
5040672
-9049580
1192011
5029332
44306
7561937
-1369700
20121009
-4691999
20311897
-1217690
-172119
9514986
-3542009
780020
5465082
2061564
690061
47634
-1460169
571919
-2264054
254021
352304
1132966
-381251
1388302
911479
886786
9019952
-512330
18186789
-2554008
20628498
-857010
90764
6947139
-6482149
-508129
3350391
1120777
6676262
-549790
16795062
-2209721
21107451
-1206445
-30708
4395001
-6297313
-330401
3613632
1901462
9303411
-545703
17555905
-2091418
23893748
-897417
139443
4584837
-8431601
-182165
3633029
1385371
2167971
41040
909706
-117706
1405845
-9541
619284
1884874
-1487044
647852
445251
989379
7503763
-635971
19955296
-2321099
18737579
-1086213
-406996
6405748
-942439
-235409
3851240
1302690
3813675
-660715
18578795
-2897954
14561376
-1353948
-358762
4981513
3735868
-491880
3209227
1657586
5782166
-1217121
24653265
-3641716
14686064
-1580305
-626609
9315429
4604911
-327529
4207415
1726764
2147373
-251463
3147722
-607387
317136
-358051
178912
2899775
1190466
121040
1121794
1062993
4351949
-945224
21844511
-2883367
14424920
-1414420
-529275
8930796
5429353
-392465
3764356
1361271
3444622
-682650
19036767
-3496351
13275072
-1708092
-120472
6547404
6233568
-852601
2773448
1049388
2656967
-965087
17892533
-4383531
16983117
-1232697
-2257071
7389041
8848153
-140536
4674099
1338305
2293499
-797393
14586840
-1804799
10956371
-549363
-1028494
7674492
3105612
-62012
2324994
1538683
3177013
-1126819
22603554
-3984385
21206741
-1164557
-1701088
9338717
5670707
233591
4954666
1105648
1591183
-1072384
23062708
-4462982
18268127
-1000711
-2665768
8516949
6712123
187
3571942
1175408
5781157
-1531400
27628340
-4976653
21178908
-1227554
-2576040
11578194
7143638
418121
5013481
1776407
758843
-332429
-456795
-46754
-1134290
-470026
63514
2302854
329662
1178031
796173
1072193
2267050
-1263960
22360113
-2984691
21396859
-876242
-1624389
9516921
4735489
395760
4500453
1517194
2374620
-1331832
20695941
-3367684
18616688
-902250
-1261806
8317662
5265567
370672
3966872
1344718
2656839
-1277279
25559557
-4411773
20427318
-965609
-2383489
11634478
8197832
566724
4862085
1780069
2347025
-1329841
24493943
-3090270
17422530
-868916
-1544486
11210702
6205010
402182
4904452
2277147
2446300
-1758023
27418472
-3288882
23105167
-785192
-2267743
12441377
6333277
805265
4071580
1512719
1141831
-1066998
25302163
-2717046
19264645
-811829
-2887458
9442809
7791945
356160
3537802
996376
42926
-885118
20950896
-2845307
22777652
-844317
-2424380
7657183
10427541
304462
4277342
874307
650181
-220457
-521551
-158230
162016
-264884
-215975
2783056
1283939
1282115
756905
1072635
-144054
4097595
20315170
-3199449
25705405
-1172787
-636668
-2730359
9438955
-531486
2189776
596203
-2310430
286922
17189215
-2015042
10150815
-76132
-4432183
7662296
15686289
-218041
2504889
2345969
