-309899
278424
-106625
-180498
398570
-315449
12394
-7668
471848
1032154
200421
367726
-77291
649974
-63719
74899
-99147
23469
-132748
-245610
119593
24714
985956
69086
-398456
698736
49394
-386363
-121140
-213199
533514
-256127
242208
3112256
1251138
756533
12392
158190
-742428
-210526
543688
251654
-18907
-769428
81294
549704
-267828
-130470
-253924
333656
35559
117976
301591
43180
1009812
-73951
184401
2144382
317520
409439
224536
499649
-210970
157888
671933
572029
-278291
-413261
139782
-34714
-690367
462393
-544105
402526
97143
200872
495751
126631
208456
-49355
797238
2274386
310120
187846
67493
494134
138806
169108
94278
232459
-121448
-702304
80613
20186
-87008
-46018
-106235
980270
113204
-44383
324172
-171376
-290030
451155
574307
1903484
572661
87569
82954
225173
318929
464297
-22668
34317
492785
-517147
150165
134368
1264434
-125889
-428837
261650
24129
126465
361801
-111934
-142627
-221765
707737
214476
222286
-23747
94330
356188
140127
134950
-311449
61677
-98646
-380019
177650
14699
1052646
-10185
-472869
-433187
-72409
-86099
207840
-419850
48831
-83641
719899
637168
700213
152134
154197
-211838
-230193
20018
190298
802928
-59311
-807544
145978
64774
1298700
-156697
-411505
-168789
-95380
-69116
167124
-502449
258502
102566
675004
918308
450164
187306
230369
193289
-169856
27094
34352
237951
-91618
-529024
164914
-67713
1157482
213419
-589003
-67000
-140121
-187769
280461
-177924
-131174
-116377
915230
1166697
451989
151293
129803
144386
-38759
-69593
-233344
116767
-230392
-733682
141460
21469
1482602
-55275
-601915
-545959
-122205
-125384
242027
-384520
-89337
-119733
790857
1287491
675966
142761
174869
-201862
-195635
-11291
-249429
611186
-153849
-843948
152780
23619
1388455
-99423
-365129
169995
-71936
-132292
195892
-230289
-272885
-52619
590524
907256
665572
43272
107741
91479
-50104
133012
-230671
71625
52285
-227246
218078
95862
1009902
9656
-309614
-546523
-49025
67556
146107
-67595
330943
25790
500415
410924
77894
160583
268351
511830
-90619
58295
104379
447744
-68745
-47953
200197
-80856
685094
191511
-389544
-508733
-44608
16949
146135
-311113
-242680
162107
649197
520626
660538
189199
187109
-87752
-156676
164231
-429824
252210
136570
-275621
206331
25598
1371651
-33678
-420343
-144381
-78373
-187486
52178
88680
183557
-178374
427454
137148
502455
124529
161171
352600
-60103
7499
54643
244010
-32311
-131144
194222
48868
726647
24444
-371360
-895281
-94955
296423
267526
-167137
-25408
172684
694031
296679
337706
-4246
208115
191632
90331
-2814
-34284
607092
-145555
-259013
168202
44553
1121545
190610
-344762
-73643
-121420
-275129
138765
-219033
-91173
820848
450677
339587
558285
135076
220853
150155
223010
137604
-287744
72110
127270
-195971
204897
-8811
1834429
8735
-377029
-838170
-132962
263026
233183
-170749
-225101
-146635
680805
198174
479599
81931
222707
115650
-54188
183302
-433946
625051
-90102
-241063
200230
53313
1412763
260998
-417871
-311250
-135528
-385209
259856
-514
-81930
38907
632305
315119
626210
102820
154459
156005
-174388
-208160
-169092
284896
-136077
-320016
196223
36344
1344744
-64724
-575345
-739864
-114037
-423223
223096
18857
-62916
-114612
671918
271757
636692
199986
182425
131690
-45889
-135371
-213622
406446
-216949
-385825
209841
6325
1468512
-153681
-435657
-491652
-95803
-465510
253346
152104
-317749
-126811
543661
64284
964007
76400
146103
70763
-75592
138327
-216936
466927
86310
-139682
235101
95588
1214242
-37426
-292963
-913773
-75558
-112687
208665
176888
232453
-114181
454758
33862
575385
131759
202027
411061
-39653
255702
24789
974667
-123261
-7524
239172
26878
581950
197718
-274734
-675636
-111923
-358051
154645
130624
156153
625005
364289
28170
575761
183619
204670
292067
14899
183551
146660
326574
85655
-137414
236077
21948
1036924
156298
-264374
-623943
-87649
-570641
85729
316246
6971
158325
297149
-34392
661163
112847
147726
214862
-60985
200416
16379
369766
75997
-51465
271971
87330
981279
24685
-158637
-472887
-71673
-500919
68028
438401
-39080
-84325
217497
-28959
704986
58318
153626
322024
-139285
275206
-104285
338286
267854
97733
276915
104785
560749
26091
-208838
-519675
-57092
-435969
44376
520217
219514
-98419
204007
-81877
466168
116956
191401
520407
-64213
177013
21355
367871
152339
134053
276399
97619
500215
78971
-193436
-321140
-93939
-501614
62055
466588
9357
-31517
148792
19695
776761
110239
155270
467015
-43285
63864
-6070
273423
258619
977
279754
118757
779805
50787
-168770
-655225
-118768
-453929
105288
504377
85520
-79508
112936
44385
627789
34576
204973
392144
57656
153379
62894
560457
177417
18984
305305
136909
687549
90198
-3853
-473521
-81550
-596760
55843
500837
-56724
106991
-18130
108750
864306
11078
239894
336238
-21218
218487
38260
325534
537213
48548
314335
169929
615899
105316
64678
-605147
-13723
-638074
-15305
569358
-69743
-4778
-124830
84744
935972
-11917
251571
320660
-134308
549863
71342
529816
595683
210315
347915
235500
73283
178676
171229
-731313
12282
-363168
8685
732294
373939
210108
-195519
179805
347023
-45384
285853
490545
13860
686637
270543
496041
491315
229052
339336
216138
-86291
228651
105823
-630623
30978
-761158
-77310
890052
-19014
150611
-133942
13219
804138
-21208
265666
413602
38262
298809
141242
310274
762345
47666
355810
283068
71257
118392
342838
-646215
44283
-764102
-151255
1029824
-204569
60597
-258483
174887
1131709
-211431
347153
318614
-116592
758532
126848
476511
1116230
37402
451168
380878
-10384
153174
76494
-529966
51441
173561
-65864
781787
1568377
-280296
34487
221911
-1328412
-60992
456278
1005310
256817
316366
517728
412653
-148658
465052
274906
38662
-538261
305289
