-1254553
-2742900
-3099785
-2842143
-3009223
-2000196
347750
1278603
-1572478
-1453104
384241
-1398066
-2911812
-3004757
-2703889
-2331405
-1830586
-2808794
-3296423
-3501794
-4539525
-4352575
-5059611
-4744275
-5681315
-5757405
-5241644
-2862606
-5054059
-4664720
-4276689
-4377623
-5352452
-4685956
-4806147
-4758300
-5907427
-4774583
-4421894
-3790361
-4275673
-3154890
-3477374
-1543275
-4201837
-4216782
-4773840
-5122096
-5384895
-3776741
-4335665
-3302895
-4931822
-4307008
-3922238
-4045354
-4585498
-4808149
-5825785
-4610177
-5032712
-3058646
-3915767
-4770479
-5499286
-4444002
-5307099
-4620461
-5502223
-4665596
-4971280
-4665839
-5894923
-4801304
-5153217
-4744921
-5333067
-4239773
-4031820
-2710549
-5236188
-5087825
-5566100
-2912935
-4674823
-3751427
-4994429
-3871518
-4826751
-3591314
-4383024
-3322756
-4636263
-3289168
-3513355
-2676824
-4297644
-3424263
-4164296
-3466576
-4460465
-3460459
-3930154
-3411612
-4447629
-3590490
-4694618
-2906704
-3809384
-3013005
-3128379
-2588545
-4004955
-2490732
-2287489
-698699
-2041250
-2226249
-3195537
-2051005
-2722776
-2273563
-2170424
-1421223
-2456568
-1681236
-2074343
-1085677
-1297815
