4225178
13974667
26439545
26439545
42776976
42777023
42778093
42778043
42778043
42778072
42778297
42778199
42778199
42778175
42778487
42778295
42778463
42778199
42779666
42778175
42778175
42778175
42778197
42778197
42778197
42778197
42778197
42778197
42778197
42778197
42673676
42625382
46374916
1223446
19601403
33249295
33249295
50268132
50268256
50268651
50268558
50268558
50268615
50268818
50268648
50268648
50268610
50269108
50268801
50269069
50268648
50270983
50268610
50268610
50268610
50268621
50268621
50268621
50268621
50268621
50268621
50268621
50268621
49337287
49260430
56492374
-10142667
5356053
23911113
23911113
27860822
27860901
27860806
27860729
27860729
27860779
27860936
27860780
27860780
27860740
27861259
27860939
27861219
27860780
27863216
27860740
27860740
27860740
27860741
27860741
27860741
27860741
27860741
27860741
27860741
27860741
28118558
28038348
34290022
625770
24205907
23463360
23463360
34981983
34982232
34982442
34982356
34982356
34982438
34982597
34982439
34982439
34982403
34982872
34982583
34982836
34982439
34984638
34982403
34982403
34982403
34982413
34982413
34982413
34982413
34982413
34982413
34982413
34982413
34197198
34124796
44401705
