-828856
-1995174
-2371214
-2179479
-2145307
-1604540
281317
1071308
-1179247
-1207368
320848
-1180828
-2258989
-2569526
-2321681
-2019690
-1470260
-2476070
-2891421
-3088043
-3707463
-3886544
-4387430
-4198126
-4697768
-5178550
-4537958
-2548631
-4339182
-4341772
-3857356
-4060593
-4537829
-4301913
-4254189
-4312552
-5073458
-4439244
-3975030
-3508149
-3652198
-2916926
-3141378
-1422980
-3632895
-3930224
-4318954
-4708997
-4651512
-3519055
-3922662
-3045343
-4373069
-4104174
-3655816
-3842680
-3990926
-4492793
-5279684
-4218206
-4431046
-2902249
-3627191
-4499315
-4745314
-4137279
-4784960
-4214706
-4783940
-4372624
-4510411
-4305974
-5068985
-4455632
-4608191
-4309217
-4597997
-3952554
-3630374
-2499680
-4477740
-4688924
-4938022
-2627496
-4000952
-3456848
-4434953
-3488856
-4093017
-3288042
-3862090
-2984747
-3873339
-2987438
-3083194
-2409563
-3534844
-3053363
-3583745
-3038774
-3618512
-3046337
-3341786
-2961688
-3596348
-3119919
-3929504
-2480909
-3007384
-2571364
-2599335
-2199373
-3103646
-2082607
-1873071
-591341
-1545174
-1800143
-2563432
-1662365
-2007739
-1789173
-1691860
-1127706
-1780557
-1301192
-1579736
-830797
-882504
