-1248389
-2729423
-3084555
-2828179
-2994438
-1990368
346041
1272321
-1564752
-1445964
382353
-1391197
-2897505
-2989994
-2690604
-2319950
-1821592
-2794993
-3280227
-3484589
-4517221
-4331189
-5034751
-4720965
-5653401
-5729117
-5215890
-2848541
-5029227
-4641801
-4255676
-4356114
-5326154
-4662932
-4782533
-4734921
-5878402
-4751124
-4400168
-3771738
-4254665
-3139389
-3460289
-1535692
-4181192
-4196064
-4750385
-5096929
-5358437
-3758185
-4314362
-3286667
-4907590
-4285846
-3902967
-4025478
-4562968
-4784525
-5797161
-4587526
-5007985
-3043618
-3896528
-4747040
-5472266
-4422167
-5281023
-4597759
-5475189
-4642672
-4946854
-4642914
-5865959
-4777714
-5127898
-4721608
-5306864
-4218942
-4012010
-2697231
-5210461
-5062827
-5538752
-2898623
-4651854
-3732995
-4969890
-3852496
-4803036
-3573669
-4361489
-3306430
-4613484
-3273007
-3496093
-2663672
-4276528
-3407438
-4143835
-3449544
-4438549
-3443457
-3910844
-3394850
-4425776
-3572849
-4671552
-2892422
-3790667
-2998201
-3113008
-2575827
-3985277
-2478494
-2276250
-695266
-2031221
-2215311
-3179836
-2040928
-2709398
-2262392
-2159760
-1414240
-2444498
-1672976
-2064151
-1080343
-1291438
