1500991
7174969
9163539
7703568
8635924
3815445
115328
1559091
2358138
2013694
140802
1864041
8085870
8610310
6972328
5183648
3195806
7523845
10363011
11694490
19652641
18067273
24413742
21465440
30782070
31612122
26202041
7814897
24360192
20751584
17442769
18275817
27321570
20940956
22028970
21592540
33281034
21740573
18647334
13701283
17434482
9492236
11531954
2271364
16837534
16957522
21733807
25020473
27653784
13602994
17927161
10403743
23196095
17690962
14671279
15606774
20052711
22047326
32367488
20269138
24154844
8921924
14622909
21703215
28841158
18834261
26860523
20359669
28871973
20759378
23568749
20761541
33140294
21984596
25325437
21471286
27124027
17142940
15502522
7006718
26147523
24686778
29546231
8092108
20841570
13421254
23788758
14294292
22218251
12300049
18320941
10529239
20499167
10317446
11771835
6833445
17614120
11182382
16538011
11460447
18974064
11420037
14730559
11099907
18865017
12294405
21018446
8057526
13839156
8657645
9333377
6390157
15296616
5916353
4990202
465565
3973676
4726586
9738404
4011747
7070073
4929627
4492512
1926303
5755164
2695612
4103564
1124091
1606296
