8673
15683
22618
25686
28504
29115
29480
30100
30497
30730
31255
31651
31788
31994
32153
32265
32320
32381
32421
32477
32521
32573
32612
32647
32674
32694
32708
32727
32736
32749
32755
32758
30913
-1816
-1949
-1420
-2632
-5148
-6714
-7712
-10428
-12273
-13652
-11742
-13947
-14408
-16328
-17017
-18579
-19207
-20157
-20924
-19830
-19531
-19681
-19290
-17551
-17372
-17240
-16554
-14360
-10549
-8123
-5350
-2951
-265
-17247
-5748
4249
7524
7211
-10408
-21732
-24016
-27263
-27518
-16094
-25282
-24400
-20890
-30921
-19382
-25565
-28380
-29948
-26332
-31155
-31485
-28056
-15906
-16474
-13143
-21690
-6487
-783
5134
10592
14470
17340
-13794
-22746
-28395
-31975
-32690
-32767
-32768
-32768
-32768
-32768
-32768
-32768
-32768
-32768
-32768
-32768
-32768
-32768
-32768
-32768
-32768
-32768
-32768
-32768
-32768
-32768
-32768
-32768
-32768
-32768
-32768
-32763
-21301
-7015
2854
-10964
-6855
2424
31461
32032
31862
30527
28536
19753
29473
28916
31716
30644
31461
31882
31686
30363
28851
25561
23878
22609
21374
17148
13649
5699
3610
-1697
-13821
-14310
-20683
-17272
327
3050
-2561
-4321
-8170
-6599
-3811
-5516
-3089
-417
-4947
-7739
-5533
-8306
-8045
-5346
-3389
-1180
1687
3677
2655
2294
5243
7226
8029
11087
12860
13373
14375
10981
11944
9287
2524
23428
26493
24031
28393
28960
32671
32767
32327
32669
32766
32729
32082
32764
32510
32757
32195
32762
32737
32759
32766
32767
32758
32761
32746
32630
32666
32757
32425
31966
28695
26501
20410
2061
-93
-21603
-17399
-11513
-2292
15963
12232
-9855
8441
-12271
-8223
9142
3387
-20682
22552
-15005
17043
5082
13129
-6938
12607
13948
7440
-5676
6952
2992
6757
-2306
-13427
-4508
-10005
-11059
-10904
