21756
23953
25190
25252
23476
26416
26639
27591
24695
27361
27497
27813
25547
28160
28275
28527
26448
29029
28884
29039
26894
29404
28555
29139
27229
29619
28509
29318
28272
30650
29701
30545
27918
30231
29148
29845
28281
30617
29602
30478
28128
30446
29748
30363
28471
30692
29792
30274
28445
30683
29793
30362
29199
31379
30693
31280
28660
30770
29843
30130
28993
31246
30503
31058
28415
30657
29690
30038
28631
30862
29877
30390
28316
30559
29447
29906
28391
30699
29651
30368
28160
30348
29214
29703
28183
30344
29241
29675
27924
30149
29016
29580
27511
29909
28898
29642
27085
29363
28339
28866
26714
28989
28000
28587
26627
28614
27563
28106
25997
28103
27361
27979
25519
27534
26964
27870
24927
26627
26416
26690
24282
25914
25669
26129
23868
25486
25078
25199
22392
