1501424
8636917
2358783
8087020
3196787
19654589
30784909
24362939
27325643
33284313
17436439
16838656
27655828
23198494
20054653
24157935
28843949
28875027
33142948
27125298
26149221
20842586
22218555
20499724
17615784
18975604
18866018
13839984
15294386
3973116
7069019
5754765
1606425
7175550
3816334
2014320
8611709
7525072
18068751
31614110
20754022
20943762
21742385
9493590
16958358
13604247
17692597
22049289
8923155
18835854
20761221
21986291
17143918
24687962
13421046
12299919
10317797
11183009
11420624
12294864
8655123
5915161
4725834
4928682
2695212
0
9164302
115134
140569
6973664
10365243
24415739
26204701
17445632
22032316
18649231
11533247
21735191
17929146
14673299
32370399
14624701
26862760
23571025
25327688
15504198
29548121
23789568
18320908
11772780
16539035
14731338
21019306
9330597
4989508
9737478
4491916
4103287
0
7704468
1558596
1864604
5184716
11696387
21467811
7816213
18278689
21595353
13702772
2271873
25022349
10405205
15608318
20271732
21705125
20361907
20763454
21472626
7007617
8094036
14294455
10529385
6834181
11461180
11100363
8057382
6389155
465333
4010808
1925861
1124130
0
