4416605
3696542
3523880
3648528
3567695
4055862
5191800
5642147
4262792
4320546
5209454
4347173
3614821
3569855
3715415
3895622
4137920
3664662
3428747
3329389
2827334
2917779
2575716
2728276
2274935
2238123
2487648
3638627
2578402
2766763
2954493
2905661
2434038
2756489
2698342
2721490
2165542
2713612
2884244
3189780
2954985
3497220
3341203
4276921
2990707
2983476
2713971
2545485
2418342
3196369
2925961
3425616
2637539
2939825
3125977
3066413
2805092
2697373
2205040
2793152
2588729
3543784
3129107
2715597
2363001
2873548
2455981
2788176
2361579
2766340
2618450
2766223
2171591
2700685
2530429
2727963
2443418
2972353
3072961
3712192
2490287
2562065
2330675
3614278
2761876
3208616
2607250
3150515
2688374
3286078
2903049
3416007
2780532
3432257
3323795
3728509
2944356
3366897
3008869
3346427
2865583
3349385
3122148
3373019
2871792
3286476
2752299
3617294
3180576
3565864
3510046
3771219
3085959
3818540
3916870
4685527
4036000
3946497
3477555
4031280
3706277
3923606
3973506
4335969
3835069
4210175
4019990
4498307
4395674
