0
0
0
0
0
0
0
0
0
0
0
0
0
0
0
0
0
0
0
0
0
0
0
0
-468926
103888
-316210
-76659
325899
449238
587518
523278
-437265
95138
-453059
278480
0
0
0
0
0
0
0
0
0
0
0
0
0
0
0
0
0
0
0
0
0
0
0
0
-104551
-17011
-300130
-662384
-16333
-77165
426484
278128
-327432
434597
-669531
203227
0
0
0
0
0
0
0
0
0
0
0
0
0
0
0
0
0
0
0
0
0
0
0
0
-618642
362251
-992640
-615325
359298
-151715
424356
620930
-860308
216774
-1218775
274261
0
0
0
0
0
0
0
0
0
0
0
0
0
0
0
0
0
0
0
0
0
0
0
0
-868076
-8080
243585
-485761
996096
77113
139802
288250
-229006
407847
156885
138763
0
0
0
0
0
0
0
0
0
0
0
0
0
0
0
0
0
0
0
0
0
0
0
0
-198275
159465
-397780
-364509
448087
-33185
1371488
194614
9678
-241302
-648113
293044
0
0
0
0
0
0
0
0
0
0
0
0
0
0
0
0
0
0
0
0
0
0
0
0
-878138
44344
43589
-1007545
1030472
-137424
210094
294553
2175
815440
-286940
234357
0
0
0
0
0
0
0
0
0
0
0
0
0
0
0
0
0
0
0
0
0
0
0
0
-44580
12631
-289945
-135126
122161
168739
591875
362664
-228434
130931
-634502
242549
0
0
0
0
0
0
0
0
0
0
0
0
0
0
0
0
0
0
0
0
0
0
0
0
-404987
148589
-428512
-773947
333595
-248322
342980
292102
-383437
338406
-709844
259327
0
0
0
0
0
0
0
0
0
0
0
0
0
0
0
0
0
0
0
0
0
0
0
0
-379269
50986
-37967
14341
280496
182477
349135
425540
-130226
82427
-296840
205324
0
0
0
0
0
0
0
0
0
0
0
0
0
0
0
0
0
0
0
0
0
0
0
0
39801
51390
-144257
-775833
233671
-15582
114028
273586
-132385
376209
-463519
269142
0
0
0
0
0
0
0
0
0
0
0
0
0
0
0
0
0
0
0
0
0
0
0
0
80376
38880
-244137
48035
92400
41384
-161451
273539
-208657
325866
-486907
167788
0
0
0
0
0
0
0
0
0
0
0
0
0
0
0
0
0
0
0
0
0
0
0
0
141100
193147
-331114
-198241
-13899
-309363
192540
166370
-232948
45439
-685009
178083
0
0
0
0
0
0
0
0
0
0
0
0
0
0
0
0
0
0
0
0
0
0
0
0
185670
-23826
-347042
-42456
95319
145091
-647754
413231
-274210
355277
-688775
226398
0
0
0
0
0
0
0
0
0
0
0
0
0
0
0
0
0
0
0
0
0
0
0
0
385414
98011
-106100
-234186
-300050
-195284
170899
226751
-329582
-51831
-388713
135354
0
0
0
0
0
0
0
0
0
0
0
0
0
0
0
0
0
0
0
0
0
0
0
0
-20606
166660
-555875
28370
387622
-58788
-245740
161934
-207308
204656
-619155
210999
0
0
0
0
0
0
0
0
0
0
0
0
0
0
0
0
0
0
0
0
0
0
0
0
166813
71690
-162090
-371611
-16907
5103
-19856
301229
-134082
261015
-476941
209925
0
0
0
0
0
0
0
0
0
0
0
0
0
0
0
0
0
0
0
0
0
0
0
0
190691
11216
-436491
-75123
-31510
30127
-272883
321216
-325626
421871
-690177
181486
0
0
0
0
0
0
0
0
0
0
0
0
0
0
0
0
0
0
0
0
0
0
0
0
231894
65519
-161416
-149580
-113874
-151282
126402
264927
-213649
89561
-522943
195424
0
0
0
0
0
0
0
0
0
0
0
0
0
0
0
0
0
0
0
0
0
0
0
0
84601
195365
-608874
23465
44266
-68343
-461765
260666
-443031
337120
-690880
156969
0
0
0
0
0
0
0
0
0
0
0
0
0
0
0
0
0
0
0
0
0
0
0
0
246320
72582
-68385
-205520
-90678
-21409
7254
276528
-119816
189233
-344947
214867
0
0
0
0
0
0
0
0
0
0
0
0
0
0
0
0
0
0
0
0
0
0
0
0
-51266
28341
-233993
188744
237493
-41866
-139463
175504
-261485
212856
-271498
145082
0
0
0
0
0
0
0
0
0
0
0
0
0
0
0
0
0
0
0
0
0
0
0
0
-39159
149620
-151980
-57076
300845
-25248
133757
76739
-194509
110072
-64613
159329
0
0
0
0
0
0
0
0
0
0
0
0
0
0
0
0
0
0
0
0
0
0
0
0
-56016
49516
-461763
165546
478853
36220
-100786
72481
47811
228941
-347871
232630
0
0
0
0
0
0
0
0
0
0
0
0
0
0
0
0
0
0
0
0
0
0
0
0
222645
84403
-157858
110939
567
-95374
73709
193332
-38681
-4114
-355615
203618
0
0
0
0
0
0
0
0
0
0
0
0
0
0
0
0
0
0
0
0
0
0
0
0
71069
159184
-401022
320842
44926
-136059
-332397
87174
-373922
426613
-349811
78459
0
0
0
0
0
0
0
0
0
0
0
0
0
0
0
0
0
0
0
0
0
0
0
0
239520
110057
-382
80967
119560
-13019
-68378
127622
1256
207689
-124014
172656
0
0
0
0
0
0
0
0
0
0
0
0
0
0
0
0
0
0
0
0
0
0
0
0
102417
26304
-333473
31067
286112
71836
-387880
202134
-77794
240953
-391697
224453
0
0
0
0
0
0
0
0
0
0
0
0
0
0
0
0
0
0
0
0
0
0
0
0
86841
124737
-48180
94104
77111
-74835
37038
201727
21361
161268
-167723
151517
0
0
0
0
0
0
0
0
0
0
0
0
0
0
0
0
0
0
0
0
0
0
0
0
232781
-71625
1110
102001
41570
69252
-262586
231984
44272
324405
-274313
186231
0
0
0
0
0
0
0
0
0
0
0
0
0
0
0
0
0
0
0
0
0
0
0
0
314754
167672
-269165
318231
-153441
-248234
32292
138198
-225276
-159558
-348860
170514
0
0
0
0
0
0
0
0
0
0
0
0
0
0
0
0
0
0
0
0
0
0
0
0
-36082
114213
-308058
255952
291629
-79414
-458249
46197
-287084
175353
-118461
131066
0
0
0
0
0
0
0
0
0
0
0
0
0
0
0
0
0
0
0
0
0
0
0
0
228460
95413
2112
210785
188001
-44186
123005
98506
235702
184615
-90625
214282
0
0
0
0
0
0
0
0
0
0
0
0
0
0
0
0
0
0
0
0
0
0
0
0
217403
28759
-272147
208026
-28200
-130330
-324582
76617
-151228
369852
-296248
97799
0
0
0
0
0
0
0
0
0
0
0
0
0
0
0
0
0
0
0
0
0
0
0
0
375797
35726
-111070
154000
21795
-134876
-196631
173723
-31114
146433
-170107
213991
0
0
0
0
0
0
0
0
0
0
0
0
0
0
0
0
0
0
0
0
0
0
0
0
319283
-5025
-224210
44844
-11739
-16508
-414240
185084
-59420
262788
-244849
211084
0
0
0
0
0
0
0
0
0
0
0
0
0
0
0
0
0
0
0
0
0
0
0
0
329558
66373
-30974
172068
-54705
-37758
-135067
197106
-12873
71382
-152800
166475
0
0
0
0
0
0
0
0
0
0
0
0
0
0
0
0
0
0
0
0
0
0
0
0
293215
-9563
-263125
221638
37302
-43904
-600329
55317
-78000
330491
-135103
177906
0
0
0
0
0
0
0
0
0
0
0
0
0
0
0
0
0
0
0
0
0
0
0
0
354126
64496
-31839
177656
7692
-125351
-213721
116058
31081
151075
-80697
217105
0
0
0
0
0
0
0
0
0
0
0
0
0
0
0
0
0
0
0
0
0
0
0
0
282394
-117363
49658
282893
76955
-115698
-522140
77208
99819
143730
101227
212813
0
0
0
0
0
0
0
0
0
0
0
0
0
0
0
0
0
0
0
0
0
0
0
0
299046
48072
147229
146836
141297
-20894
-175320
83562
134637
147287
393975
197407
0
0
0
0
0
0
0
0
0
0
0
0
0
0
0
0
0
0
0
0
0
0
0
0
253510
-4199
-273456
142772
338021
56709
-619723
31282
239370
284714
34763
196237
0
0
0
0
0
0
0
0
0
0
0
0
0
0
0
0
0
0
0
0
0
0
0
0
258970
305272
-179337
300467
99722
-265949
-181681
-43988
-175878
-218110
120605
113709
0
0
0
0
0
0
0
0
0
0
0
0
0
0
0
0
0
0
0
0
0
0
0
0
133811
-84581
14870
655460
460703
-18811
-415605
-117920
277255
111778
249564
239425
0
0
0
0
0
0
0
0
0
0
0
0
0
0
0
0
0
0
0
0
0
0
0
0
247598
216431
-234823
113571
291913
-114754
-277575
-27
102404
-42670
161384
195932
0
0
0
0
0
0
0
0
0
0
0
0
0
0
0
0
0
0
0
0
0
0
0
0
235877
-59500
-12452
535134
285643
-1914
-438406
-48645
110761
253628
284569
159077
0
0
0
0
0
0
0
0
0
0
0
0
0
0
0
0
0
0
0
0
0
0
0
0
201727
30974
92203
340371
328202
-112405
-326905
-33064
249723
122675
353283
193950
0
0
0
0
0
0
0
0
0
0
0
0
0
0
0
0
0
0
0
0
0
0
0
0
164864
10154
-12568
535822
415776
-24043
-468507
-64224
234930
122847
368827
171924
0
0
0
0
0
0
0
0
0
0
0
0
0
0
0
0
0
0
0
0
0
0
0
0
129028
29219
200030
274010
446498
20465
-249832
5132
282565
85928
507872
191549
0
0
0
0
0
0
0
0
0
0
0
0
0
0
0
0
0
0
0
0
0
0
0
0
153858
-48460
99915
644059
449069
86351
-456653
-114624
334146
230015
383555
180773
0
0
0
0
0
0
0
0
0
0
0
0
0
0
0
0
0
0
0
0
0
0
0
0
174129
39535
128108
471103
408467
-43654
-319057
-62867
296647
132211
396777
161665
0
0
0
0
0
0
0
0
0
0
0
0
0
0
0
0
0
0
0
0
0
0
0
0
212885
-5954
239758
710258
345546
18583
-402838
-126732
324834
98347
431589
158063
0
0
0
0
0
0
0
0
0
0
0
0
0
0
0
0
0
0
0
0
0
0
0
0
161455
63660
234046
391045
421994
-48918
-315545
-58826
313074
55757
493644
196259
0
0
0
0
0
0
0
0
0
0
0
0
0
0
0
0
0
0
0
0
0
0
0
0
306534
-106396
331831
746434
337023
73157
-475832
-139627
361563
216473
560221
140025
0
0
0
0
0
0
0
0
0
0
0
0
0
0
0
0
0
0
0
0
0
0
0
0
153753
6146
112470
677570
455522
-116897
-473087
-146170
199678
26826
515924
196336
0
0
0
0
0
0
0
0
0
0
0
0
0
0
0
0
0
0
0
0
0
0
0
0
141655
28011
447680
735860
565573
-2515
-403085
-186238
568408
-127451
745572
171524
0
0
0
0
0
0
0
0
0
0
0
0
0
0
0
0
0
0
0
0
0
0
0
0
11390
97051
400895
579082
721960
-129570
-380685
-146701
504973
79535
840782
203170
0
0
0
0
0
0
0
0
0
0
0
0
0
0
0
0
0
0
0
0
0
0
0
0
138614
-52146
312044
881748
542602
35589
-277026
-221408
378970
-172450
692062
148518
0
0
0
0
0
0
0
0
0
0
0
0
0
0
0
0
0
0
0
0
0
0
0
0
-185569
93273
562389
637567
934135
-153850
-323128
-202164
501907
-97868
1100753
197463
0
0
0
0
0
0
0
0
0
0
0
0
0
0
0
0
0
0
0
0
0
0
0
0
-94311
-146002
627099
1064287
1002457
-111845
21039
-334817
869999
-68298
1009097
150834
0
0
0
0
0
0
0
0
0
0
0
0
0
0
0
0
0
0
0
0
0
0
0
0
-122497
-60852
326755
699243
922439
-150533
-499540
-217284
579902
-21554
889081
229813
0
0
0
0
0
0
0
0
0
0
0
0
0
0
0
0
0
0
0
0
0
0
0
0
27798
68144
529692
666491
795401
73719
-282800
-153281
736285
-206166
926409
169985
0
0
0
0
0
0
0
0
0
0
0
0
0
0
0
0
0
0
0
0
0
0
0
0
-195731
118162
530829
707614
1013640
-224651
-385384
-186815
647552
46411
1153015
227010
0
0
0
0
0
0
0
0
0
0
0
0
0
0
0
0
0
0
0
0
0
0
0
0
-59413
-151410
660704
754586
869167
-192301
-33182
-263182
779287
-707429
1306013
176780
0
0
0
0
0
0
0
0
0
0
0
0
0
0
0
0
0
0
0
0
0
0
0
0
-253737
-291400
648187
673051
1103719
94965
-658944
-188678
866899
-296965
1385768
96129
0
0
0
0
0
0
0
0
0
0
0
0
0
0
0
0
0
0
0
0
0
0
0
0
-391707
66783
-66937
454510
1210465
-779571
808818
-388574
592618
569642
225593
84624
